 iteration, iteration_ionic, iteration_electronic
        20         2         1
 Ionic System
  (natm)
        63
  (pos)
  0.6249999999999999D-01  0.6249999999999999D-01  0.6249999999999999D-01
  0.6249999999999999D-01  0.3124999999999999D+00  0.3124999999999999D+00
  0.4375009790265071D+00  0.1875552565226605D+00  0.1875552443861134D+00
  0.3124999999999999D+00  0.6249999999999999D-01  0.3124999999999999D+00
  0.1875552428937613D+00  0.4375009959854188D+00  0.1875552401026790D+00
  0.3124999999999999D+00  0.3124999999999999D+00  0.6249999999999999D-01
  0.1875552363285962D+00  0.1875552329841574D+00  0.4375010067833777D+00
  0.6249999999999999D-01  0.6249999999999999D-01  0.5624999999999999D+00
  0.4375000000000000D+00  0.4375000000000000D+00  0.9374999999999999D+00
  0.6249999999999999D-01  0.3124999999999999D+00  0.8124999999999999D+00
  0.4374990078187368D+00  0.1875552488601110D+00  0.6874447698734002D+00
  0.3124999999999999D+00  0.6249999999999999D-01  0.8124999999999999D+00
  0.1875552463055480D+00  0.4374990101328113D+00  0.6874447459251911D+00
  0.3127489982387996D+00  0.3127490448855003D+00  0.5622509762113388D+00
  0.1875000000000000D+00  0.1875000000000000D+00  0.9374999999999999D+00
  0.6249999999999999D-01  0.5624999999999999D+00  0.6249999999999999D-01
  0.4375000000000000D+00  0.9374999999999999D+00  0.4375000000000000D+00
  0.6249999999999999D-01  0.8124999999999999D+00  0.3124999999999999D+00
  0.4374990196251118D+00  0.6874447481725153D+00  0.1875552485032199D+00
  0.3127490857513239D+00  0.5622509258036689D+00  0.3127490727583158D+00
  0.1875000000000000D+00  0.9374999999999999D+00  0.1875000000000000D+00
  0.3124999999999999D+00  0.8124999999999999D+00  0.6249999999999999D-01
  0.1875552463905316D+00  0.6874447484997296D+00  0.4374990243903681D+00
  0.6249999999999999D-01  0.5624999999999999D+00  0.5624999999999999D+00
  0.4375000000000000D+00  0.9374999999999999D+00  0.9374999999999999D+00
  0.6249999999999999D-01  0.8124999999999999D+00  0.8124999999999999D+00
  0.4375010020169955D+00  0.6874447600138234D+00  0.6874447533085499D+00
  0.3124999999999999D+00  0.5624999999999999D+00  0.8124999999999999D+00
  0.1875000000000000D+00  0.9374999999999999D+00  0.6874999999999999D+00
  0.3124999999999999D+00  0.8124999999999999D+00  0.5624999999999999D+00
  0.1875000000000000D+00  0.6874999999999999D+00  0.9374999999999999D+00
  0.5624999999999999D+00  0.6249999999999999D-01  0.6249999999999999D-01
  0.9374999999999999D+00  0.4375000000000000D+00  0.4375000000000000D+00
  0.5622509643459761D+00  0.3127490446094036D+00  0.3127490376510030D+00
  0.9374999999999999D+00  0.1875000000000000D+00  0.1875000000000000D+00
  0.8124999999999999D+00  0.6249999999999999D-01  0.3124999999999999D+00
  0.6874447613397122D+00  0.4374990159942188D+00  0.1875552527049344D+00
  0.8124999999999999D+00  0.3124999999999999D+00  0.6249999999999999D-01
  0.6874447506175290D+00  0.1875552504194101D+00  0.4374990184833509D+00
  0.5624999999999999D+00  0.6249999999999999D-01  0.5624999999999999D+00
  0.9374999999999999D+00  0.4375000000000000D+00  0.9374999999999999D+00
  0.5624999999999999D+00  0.3124999999999999D+00  0.8124999999999999D+00
  0.9374999999999999D+00  0.1875000000000000D+00  0.6874999999999999D+00
  0.8124999999999999D+00  0.6249999999999999D-01  0.8124999999999999D+00
  0.6874447545277649D+00  0.4375009921731948D+00  0.6874447532833834D+00
  0.8124999999999999D+00  0.3124999999999999D+00  0.5624999999999999D+00
  0.6874999999999999D+00  0.1875000000000000D+00  0.9374999999999999D+00
  0.5624999999999999D+00  0.5624999999999999D+00  0.6249999999999999D-01
  0.9374999999999999D+00  0.9374999999999999D+00  0.4375000000000000D+00
  0.5624999999999999D+00  0.8124999999999999D+00  0.3124999999999999D+00
  0.9374999999999999D+00  0.6874999999999999D+00  0.1875000000000000D+00
  0.8124999999999999D+00  0.5624999999999999D+00  0.3124999999999999D+00
  0.6874999999999999D+00  0.9374999999999999D+00  0.1875000000000000D+00
  0.8124999999999999D+00  0.8124999999999999D+00  0.6249999999999999D-01
  0.6874447518180949D+00  0.6874447544764518D+00  0.4375009991334777D+00
  0.5622509647149644D+00  0.5622509642905975D+00  0.5622509315265645D+00
  0.9374999999999999D+00  0.9374999999999999D+00  0.9374999999999999D+00
  0.5624999999999999D+00  0.8124999999999999D+00  0.8124999999999999D+00
  0.9374999999999999D+00  0.6874999999999999D+00  0.6874999999999999D+00
  0.8124999999999999D+00  0.5624999999999999D+00  0.8124999999999999D+00
  0.6874804858412419D+00  0.9374442620115501D+00  0.6874804856737309D+00
  0.8125522469855639D+00  0.8125522310346945D+00  0.5625833650952358D+00
  0.6874804959954327D+00  0.6874804951150338D+00  0.9374442609570547D+00
  (cps)
  0.1579917078325000D+01  0.1579917078325000D+01  0.1579917078325000D+01
  0.1579917078325000D+01  0.7899585391625000D+01  0.7899585391625000D+01
  0.1105944429676618D+02  0.4741148046556442D+01  0.4741147739760636D+01
  0.7899585391625000D+01  0.1579917078325000D+01  0.7899585391625000D+01
  0.4741147702035954D+01  0.1105944472546497D+02  0.4741147631481096D+01
  0.7899585391625000D+01  0.7899585391625000D+01  0.1579917078325000D+01
  0.4741147536077291D+01  0.4741147451534315D+01  0.1105944499842304D+02
  0.1579917078325000D+01  0.1579917078325000D+01  0.1421925370492500D+02
  0.1105941954827500D+02  0.1105941954827500D+02  0.2369875617487500D+02
  0.1579917078325000D+01  0.7899585391625000D+01  0.2053892201822500D+02
  0.1105939446724904D+02  0.4741147852857358D+01  0.1737769171725095D+02
  0.7899585391625000D+01  0.1579917078325000D+01  0.2053892201822500D+02
  0.4741147788281395D+01  0.1105939452574578D+02  0.1737769111187200D+02
  0.7905879736744238D+01  0.7905880915910943D+01  0.1421295871393916D+02
  0.4739751234975000D+01  0.4739751234975000D+01  0.2369875617487500D+02
  0.1579917078325000D+01  0.1421925370492500D+02  0.1579917078325000D+01
  0.1105941954827500D+02  0.2369875617487500D+02  0.1105941954827500D+02
  0.1579917078325000D+01  0.2053892201822500D+02  0.7899585391625000D+01
  0.1105939476569854D+02  0.1737769116868138D+02  0.4741147843835624D+01
  0.7905881948944746D+01  0.1421295743970014D+02  0.7905881620498739D+01
  0.4739751234975000D+01  0.2369875617487500D+02  0.4739751234975000D+01
  0.7899585391625000D+01  0.2053892201822500D+02  0.1579917078325000D+01
  0.4741147790429666D+01  0.1737769117695291D+02  0.1105939488615789D+02
  0.1579917078325000D+01  0.1421925370492500D+02  0.1421925370492500D+02
  0.1105941954827500D+02  0.2369875617487500D+02  0.2369875617487500D+02
  0.1579917078325000D+01  0.2053892201822500D+02  0.2053892201822500D+02
  0.1105944487793523D+02  0.1737769146801393D+02  0.1737769129851351D+02
  0.7899585391625000D+01  0.1421925370492500D+02  0.2053892201822500D+02
  0.4739751234975000D+01  0.2369875617487500D+02  0.1737908786157500D+02
  0.7899585391625000D+01  0.2053892201822500D+02  0.1421925370492500D+02
  0.4739751234975000D+01  0.1737908786157500D+02  0.2369875617487500D+02
  0.1421925370492500D+02  0.1579917078325000D+01  0.1579917078325000D+01
  0.2369875617487500D+02  0.1105941954827500D+02  0.1105941954827500D+02
  0.1421295841399853D+02  0.7905880908931586D+01  0.7905880733032450D+01
  0.2369875617487500D+02  0.4739751234975000D+01  0.4739751234975000D+01
  0.2053892201822500D+02  0.1579917078325000D+01  0.7899585391625000D+01
  0.1737769150153064D+02  0.1105939467391438D+02  0.4741147950049394D+01
  0.2053892201822500D+02  0.7899585391625000D+01  0.1579917078325000D+01
  0.1737769123048808D+02  0.4741147892274371D+01  0.1105939473683634D+02
  0.1421925370492500D+02  0.1579917078325000D+01  0.1421925370492500D+02
  0.2369875617487500D+02  0.1105941954827500D+02  0.2369875617487500D+02
  0.1421925370492500D+02  0.7899585391625000D+01  0.2053892201822500D+02
  0.2369875617487500D+02  0.4739751234975000D+01  0.1737908786157500D+02
  0.2053892201822500D+02  0.1579917078325000D+01  0.2053892201822500D+02
  0.1737769132933365D+02  0.1105944462909700D+02  0.1737769129787734D+02
  0.2053892201822500D+02  0.7899585391625000D+01  0.1421925370492500D+02
  0.1737908786157500D+02  0.4739751234975000D+01  0.2369875617487500D+02
  0.1421925370492500D+02  0.1421925370492500D+02  0.1579917078325000D+01
  0.2369875617487500D+02  0.2369875617487500D+02  0.1105941954827500D+02
  0.1421925370492500D+02  0.2053892201822500D+02  0.7899585391625000D+01
  0.2369875617487500D+02  0.1737908786157500D+02  0.4739751234975000D+01
  0.2053892201822500D+02  0.1421925370492500D+02  0.7899585391625000D+01
  0.1737908786157500D+02  0.2369875617487500D+02  0.4739751234975000D+01
  0.2053892201822500D+02  0.2053892201822500D+02  0.1579917078325000D+01
  0.1737769126083679D+02  0.1737769132803652D+02  0.1105944480504372D+02
  0.1421295842332607D+02  0.1421295841259864D+02  0.1421295758436735D+02
  0.2369875617487500D+02  0.2369875617487500D+02  0.2369875617487500D+02
  0.1421925370492500D+02  0.2053892201822500D+02  0.2053892201822500D+02
  0.2369875617487500D+02  0.1737908786157500D+02  0.1737908786157500D+02
  0.2053892201822500D+02  0.1421925370492500D+02  0.2053892201822500D+02
  0.1737859456953194D+02  0.2369734719247719D+02  0.1737859456529749D+02
  0.2054024275270154D+02  0.2054024234948472D+02  0.1422136106392819D+02
  0.1737859482621642D+02  0.1737859480396110D+02  0.2369734716582094D+02
  (cpd)
  0.0000000000000000D+00  0.0000000000000000D+00  0.0000000000000000D+00
  0.0000000000000000D+00  0.0000000000000000D+00  0.0000000000000000D+00
  0.0000000000000000D+00  0.0000000000000000D+00  0.0000000000000000D+00
  0.0000000000000000D+00  0.0000000000000000D+00  0.0000000000000000D+00
  0.0000000000000000D+00  0.0000000000000000D+00  0.0000000000000000D+00
  0.0000000000000000D+00  0.0000000000000000D+00  0.0000000000000000D+00
  0.0000000000000000D+00  0.0000000000000000D+00  0.0000000000000000D+00
  0.0000000000000000D+00  0.0000000000000000D+00  0.0000000000000000D+00
  0.0000000000000000D+00  0.0000000000000000D+00  0.0000000000000000D+00
  0.0000000000000000D+00  0.0000000000000000D+00  0.0000000000000000D+00
  0.0000000000000000D+00  0.0000000000000000D+00  0.0000000000000000D+00
  0.0000000000000000D+00  0.0000000000000000D+00  0.0000000000000000D+00
  0.0000000000000000D+00  0.0000000000000000D+00  0.0000000000000000D+00
  0.0000000000000000D+00  0.0000000000000000D+00  0.0000000000000000D+00
  0.0000000000000000D+00  0.0000000000000000D+00  0.0000000000000000D+00
  0.0000000000000000D+00  0.0000000000000000D+00  0.0000000000000000D+00
  0.0000000000000000D+00  0.0000000000000000D+00  0.0000000000000000D+00
  0.0000000000000000D+00  0.0000000000000000D+00  0.0000000000000000D+00
  0.0000000000000000D+00  0.0000000000000000D+00  0.0000000000000000D+00
  0.0000000000000000D+00  0.0000000000000000D+00  0.0000000000000000D+00
  0.0000000000000000D+00  0.0000000000000000D+00  0.0000000000000000D+00
  0.0000000000000000D+00  0.0000000000000000D+00  0.0000000000000000D+00
  0.0000000000000000D+00  0.0000000000000000D+00  0.0000000000000000D+00
  0.0000000000000000D+00  0.0000000000000000D+00  0.0000000000000000D+00
  0.0000000000000000D+00  0.0000000000000000D+00  0.0000000000000000D+00
  0.0000000000000000D+00  0.0000000000000000D+00  0.0000000000000000D+00
  0.0000000000000000D+00  0.0000000000000000D+00  0.0000000000000000D+00
  0.0000000000000000D+00  0.0000000000000000D+00  0.0000000000000000D+00
  0.0000000000000000D+00  0.0000000000000000D+00  0.0000000000000000D+00
  0.0000000000000000D+00  0.0000000000000000D+00  0.0000000000000000D+00
  0.0000000000000000D+00  0.0000000000000000D+00  0.0000000000000000D+00
  0.0000000000000000D+00  0.0000000000000000D+00  0.0000000000000000D+00
  0.0000000000000000D+00  0.0000000000000000D+00  0.0000000000000000D+00
  0.0000000000000000D+00  0.0000000000000000D+00  0.0000000000000000D+00
  0.0000000000000000D+00  0.0000000000000000D+00  0.0000000000000000D+00
  0.0000000000000000D+00  0.0000000000000000D+00  0.0000000000000000D+00
  0.0000000000000000D+00  0.0000000000000000D+00  0.0000000000000000D+00
  0.0000000000000000D+00  0.0000000000000000D+00  0.0000000000000000D+00
  0.0000000000000000D+00  0.0000000000000000D+00  0.0000000000000000D+00
  0.0000000000000000D+00  0.0000000000000000D+00  0.0000000000000000D+00
  0.0000000000000000D+00  0.0000000000000000D+00  0.0000000000000000D+00
  0.0000000000000000D+00  0.0000000000000000D+00  0.0000000000000000D+00
  0.0000000000000000D+00  0.0000000000000000D+00  0.0000000000000000D+00
  0.0000000000000000D+00  0.0000000000000000D+00  0.0000000000000000D+00
  0.0000000000000000D+00  0.0000000000000000D+00  0.0000000000000000D+00
  0.0000000000000000D+00  0.0000000000000000D+00  0.0000000000000000D+00
  0.0000000000000000D+00  0.0000000000000000D+00  0.0000000000000000D+00
  0.0000000000000000D+00  0.0000000000000000D+00  0.0000000000000000D+00
  0.0000000000000000D+00  0.0000000000000000D+00  0.0000000000000000D+00
  0.0000000000000000D+00  0.0000000000000000D+00  0.0000000000000000D+00
  0.0000000000000000D+00  0.0000000000000000D+00  0.0000000000000000D+00
  0.0000000000000000D+00  0.0000000000000000D+00  0.0000000000000000D+00
  0.0000000000000000D+00  0.0000000000000000D+00  0.0000000000000000D+00
  0.0000000000000000D+00  0.0000000000000000D+00  0.0000000000000000D+00
  0.0000000000000000D+00  0.0000000000000000D+00  0.0000000000000000D+00
  0.0000000000000000D+00  0.0000000000000000D+00  0.0000000000000000D+00
  0.0000000000000000D+00  0.0000000000000000D+00  0.0000000000000000D+00
  0.0000000000000000D+00  0.0000000000000000D+00  0.0000000000000000D+00
  0.0000000000000000D+00  0.0000000000000000D+00  0.0000000000000000D+00
  0.0000000000000000D+00  0.0000000000000000D+00  0.0000000000000000D+00
  0.0000000000000000D+00  0.0000000000000000D+00  0.0000000000000000D+00
  0.0000000000000000D+00  0.0000000000000000D+00  0.0000000000000000D+00
  0.0000000000000000D+00  0.0000000000000000D+00  0.0000000000000000D+00
  (cpo(  1))
  0.1579917078325000D+01  0.1579917078325000D+01  0.1579917078325000D+01
  0.1579917078325000D+01  0.7899585391625000D+01  0.7899585391625000D+01
  0.1105941954827500D+02  0.4739751234975000D+01  0.4739751234975000D+01
  0.7899585391625000D+01  0.1579917078325000D+01  0.7899585391625000D+01
  0.4739751234975000D+01  0.1105941954827500D+02  0.4739751234975000D+01
  0.7899585391625000D+01  0.7899585391625000D+01  0.1579917078325000D+01
  0.4739751234975000D+01  0.4739751234975000D+01  0.1105941954827500D+02
  0.1579917078325000D+01  0.1579917078325000D+01  0.1421925370492500D+02
  0.1105941954827500D+02  0.1105941954827500D+02  0.2369875617487500D+02
  0.1579917078325000D+01  0.7899585391625000D+01  0.2053892201822500D+02
  0.1105941954900000D+02  0.4739751235000000D+01  0.1737908786100000D+02
  0.7899585391625000D+01  0.1579917078325000D+01  0.2053892201822500D+02
  0.4739751235000000D+01  0.1105941954900000D+02  0.1737908786100000D+02
  0.7899585392000001D+01  0.7899585392000001D+01  0.1421925370500000D+02
  0.4739751234975000D+01  0.4739751234975000D+01  0.2369875617487500D+02
  0.1579917078325000D+01  0.1421925370492500D+02  0.1579917078325000D+01
  0.1105941954827500D+02  0.2369875617487500D+02  0.1105941954827500D+02
  0.1579917078325000D+01  0.2053892201822500D+02  0.7899585391625000D+01
  0.1105941954900000D+02  0.1737908786100000D+02  0.4739751235000000D+01
  0.7899585392000001D+01  0.1421925370500000D+02  0.7899585392000001D+01
  0.4739751234975000D+01  0.2369875617487500D+02  0.4739751234975000D+01
  0.7899585391625000D+01  0.2053892201822500D+02  0.1579917078325000D+01
  0.4739751235000000D+01  0.1737908786100000D+02  0.1105941954900000D+02
  0.1579917078325000D+01  0.1421925370492500D+02  0.1421925370492500D+02
  0.1105941954827500D+02  0.2369875617487500D+02  0.2369875617487500D+02
  0.1579917078325000D+01  0.2053892201822500D+02  0.2053892201822500D+02
  0.1105941954900000D+02  0.1737908786100000D+02  0.1737908786100000D+02
  0.7899585391625000D+01  0.1421925370492500D+02  0.2053892201822500D+02
  0.4739751234975000D+01  0.2369875617487500D+02  0.1737908786157500D+02
  0.7899585391625000D+01  0.2053892201822500D+02  0.1421925370492500D+02
  0.4739751234975000D+01  0.1737908786157500D+02  0.2369875617487500D+02
  0.1421925370492500D+02  0.1579917078325000D+01  0.1579917078325000D+01
  0.2369875617487500D+02  0.1105941954827500D+02  0.1105941954827500D+02
  0.1421925370492500D+02  0.7899585391625000D+01  0.7899585391625000D+01
  0.2369875617487500D+02  0.4739751234975000D+01  0.4739751234975000D+01
  0.2053892201822500D+02  0.1579917078325000D+01  0.7899585391625000D+01
  0.1737908786100000D+02  0.1105941954900000D+02  0.4739751235000000D+01
  0.2053892201822500D+02  0.7899585391625000D+01  0.1579917078325000D+01
  0.1737908786100000D+02  0.4739751235000000D+01  0.1105941954900000D+02
  0.1421925370492500D+02  0.1579917078325000D+01  0.1421925370492500D+02
  0.2369875617487500D+02  0.1105941954827500D+02  0.2369875617487500D+02
  0.1421925370492500D+02  0.7899585391625000D+01  0.2053892201822500D+02
  0.2369875617487500D+02  0.4739751234975000D+01  0.1737908786157500D+02
  0.2053892201822500D+02  0.1579917078325000D+01  0.2053892201822500D+02
  0.1737908786100000D+02  0.1105941954900000D+02  0.1737908786100000D+02
  0.2053892201822500D+02  0.7899585391625000D+01  0.1421925370492500D+02
  0.1737908786157500D+02  0.4739751234975000D+01  0.2369875617487500D+02
  0.1421925370492500D+02  0.1421925370492500D+02  0.1579917078325000D+01
  0.2369875617487500D+02  0.2369875617487500D+02  0.1105941954827500D+02
  0.1421925370492500D+02  0.2053892201822500D+02  0.7899585391625000D+01
  0.2369875617487500D+02  0.1737908786157500D+02  0.4739751234975000D+01
  0.2053892201822500D+02  0.1421925370492500D+02  0.7899585391625000D+01
  0.1737908786157500D+02  0.2369875617487500D+02  0.4739751234975000D+01
  0.2053892201822500D+02  0.2053892201822500D+02  0.1579917078325000D+01
  0.1737908786100000D+02  0.1737908786100000D+02  0.1105941954900000D+02
  0.1421925370500000D+02  0.1421925370500000D+02  0.1421925370500000D+02
  0.2369875617487500D+02  0.2369875617487500D+02  0.2369875617487500D+02
  0.1421925370492500D+02  0.2053892201822500D+02  0.2053892201822500D+02
  0.2369875617487500D+02  0.1737908786157500D+02  0.1737908786157500D+02
  0.2053892201822500D+02  0.1421925370492500D+02  0.2053892201822500D+02
  0.1737908786100000D+02  0.2369875617500000D+02  0.1737908786100000D+02
  0.2053892201900000D+02  0.2053892201900000D+02  0.1421925370500000D+02
  0.1737908786100000D+02  0.1737908786100000D+02  0.2369875617500000D+02
  (cpo(  2))
  0.0000000000000000D+00  0.0000000000000000D+00  0.0000000000000000D+00
  0.0000000000000000D+00  0.0000000000000000D+00  0.0000000000000000D+00
  0.0000000000000000D+00  0.0000000000000000D+00  0.0000000000000000D+00
  0.0000000000000000D+00  0.0000000000000000D+00  0.0000000000000000D+00
  0.0000000000000000D+00  0.0000000000000000D+00  0.0000000000000000D+00
  0.0000000000000000D+00  0.0000000000000000D+00  0.0000000000000000D+00
  0.0000000000000000D+00  0.0000000000000000D+00  0.0000000000000000D+00
  0.0000000000000000D+00  0.0000000000000000D+00  0.0000000000000000D+00
  0.0000000000000000D+00  0.0000000000000000D+00  0.0000000000000000D+00
  0.0000000000000000D+00  0.0000000000000000D+00  0.0000000000000000D+00
  0.0000000000000000D+00  0.0000000000000000D+00  0.0000000000000000D+00
  0.0000000000000000D+00  0.0000000000000000D+00  0.0000000000000000D+00
  0.0000000000000000D+00  0.0000000000000000D+00  0.0000000000000000D+00
  0.0000000000000000D+00  0.0000000000000000D+00  0.0000000000000000D+00
  0.0000000000000000D+00  0.0000000000000000D+00  0.0000000000000000D+00
  0.0000000000000000D+00  0.0000000000000000D+00  0.0000000000000000D+00
  0.0000000000000000D+00  0.0000000000000000D+00  0.0000000000000000D+00
  0.0000000000000000D+00  0.0000000000000000D+00  0.0000000000000000D+00
  0.0000000000000000D+00  0.0000000000000000D+00  0.0000000000000000D+00
  0.0000000000000000D+00  0.0000000000000000D+00  0.0000000000000000D+00
  0.0000000000000000D+00  0.0000000000000000D+00  0.0000000000000000D+00
  0.0000000000000000D+00  0.0000000000000000D+00  0.0000000000000000D+00
  0.0000000000000000D+00  0.0000000000000000D+00  0.0000000000000000D+00
  0.0000000000000000D+00  0.0000000000000000D+00  0.0000000000000000D+00
  0.0000000000000000D+00  0.0000000000000000D+00  0.0000000000000000D+00
  0.0000000000000000D+00  0.0000000000000000D+00  0.0000000000000000D+00
  0.0000000000000000D+00  0.0000000000000000D+00  0.0000000000000000D+00
  0.0000000000000000D+00  0.0000000000000000D+00  0.0000000000000000D+00
  0.0000000000000000D+00  0.0000000000000000D+00  0.0000000000000000D+00
  0.0000000000000000D+00  0.0000000000000000D+00  0.0000000000000000D+00
  0.0000000000000000D+00  0.0000000000000000D+00  0.0000000000000000D+00
  0.0000000000000000D+00  0.0000000000000000D+00  0.0000000000000000D+00
  0.0000000000000000D+00  0.0000000000000000D+00  0.0000000000000000D+00
  0.0000000000000000D+00  0.0000000000000000D+00  0.0000000000000000D+00
  0.0000000000000000D+00  0.0000000000000000D+00  0.0000000000000000D+00
  0.0000000000000000D+00  0.0000000000000000D+00  0.0000000000000000D+00
  0.0000000000000000D+00  0.0000000000000000D+00  0.0000000000000000D+00
  0.0000000000000000D+00  0.0000000000000000D+00  0.0000000000000000D+00
  0.0000000000000000D+00  0.0000000000000000D+00  0.0000000000000000D+00
  0.0000000000000000D+00  0.0000000000000000D+00  0.0000000000000000D+00
  0.0000000000000000D+00  0.0000000000000000D+00  0.0000000000000000D+00
  0.0000000000000000D+00  0.0000000000000000D+00  0.0000000000000000D+00
  0.0000000000000000D+00  0.0000000000000000D+00  0.0000000000000000D+00
  0.0000000000000000D+00  0.0000000000000000D+00  0.0000000000000000D+00
  0.0000000000000000D+00  0.0000000000000000D+00  0.0000000000000000D+00
  0.0000000000000000D+00  0.0000000000000000D+00  0.0000000000000000D+00
  0.0000000000000000D+00  0.0000000000000000D+00  0.0000000000000000D+00
  0.0000000000000000D+00  0.0000000000000000D+00  0.0000000000000000D+00
  0.0000000000000000D+00  0.0000000000000000D+00  0.0000000000000000D+00
  0.0000000000000000D+00  0.0000000000000000D+00  0.0000000000000000D+00
  0.0000000000000000D+00  0.0000000000000000D+00  0.0000000000000000D+00
  0.0000000000000000D+00  0.0000000000000000D+00  0.0000000000000000D+00
  0.0000000000000000D+00  0.0000000000000000D+00  0.0000000000000000D+00
  0.0000000000000000D+00  0.0000000000000000D+00  0.0000000000000000D+00
  0.0000000000000000D+00  0.0000000000000000D+00  0.0000000000000000D+00
  0.0000000000000000D+00  0.0000000000000000D+00  0.0000000000000000D+00
  0.0000000000000000D+00  0.0000000000000000D+00  0.0000000000000000D+00
  0.0000000000000000D+00  0.0000000000000000D+00  0.0000000000000000D+00
  0.0000000000000000D+00  0.0000000000000000D+00  0.0000000000000000D+00
  0.0000000000000000D+00  0.0000000000000000D+00  0.0000000000000000D+00
  0.0000000000000000D+00  0.0000000000000000D+00  0.0000000000000000D+00
  0.0000000000000000D+00  0.0000000000000000D+00  0.0000000000000000D+00
  0.0000000000000000D+00  0.0000000000000000D+00  0.0000000000000000D+00
  (cpo(  3))
  0.0000000000000000D+00  0.0000000000000000D+00  0.0000000000000000D+00
  0.0000000000000000D+00  0.0000000000000000D+00  0.0000000000000000D+00
  0.0000000000000000D+00  0.0000000000000000D+00  0.0000000000000000D+00
  0.0000000000000000D+00  0.0000000000000000D+00  0.0000000000000000D+00
  0.0000000000000000D+00  0.0000000000000000D+00  0.0000000000000000D+00
  0.0000000000000000D+00  0.0000000000000000D+00  0.0000000000000000D+00
  0.0000000000000000D+00  0.0000000000000000D+00  0.0000000000000000D+00
  0.0000000000000000D+00  0.0000000000000000D+00  0.0000000000000000D+00
  0.0000000000000000D+00  0.0000000000000000D+00  0.0000000000000000D+00
  0.0000000000000000D+00  0.0000000000000000D+00  0.0000000000000000D+00
  0.0000000000000000D+00  0.0000000000000000D+00  0.0000000000000000D+00
  0.0000000000000000D+00  0.0000000000000000D+00  0.0000000000000000D+00
  0.0000000000000000D+00  0.0000000000000000D+00  0.0000000000000000D+00
  0.0000000000000000D+00  0.0000000000000000D+00  0.0000000000000000D+00
  0.0000000000000000D+00  0.0000000000000000D+00  0.0000000000000000D+00
  0.0000000000000000D+00  0.0000000000000000D+00  0.0000000000000000D+00
  0.0000000000000000D+00  0.0000000000000000D+00  0.0000000000000000D+00
  0.0000000000000000D+00  0.0000000000000000D+00  0.0000000000000000D+00
  0.0000000000000000D+00  0.0000000000000000D+00  0.0000000000000000D+00
  0.0000000000000000D+00  0.0000000000000000D+00  0.0000000000000000D+00
  0.0000000000000000D+00  0.0000000000000000D+00  0.0000000000000000D+00
  0.0000000000000000D+00  0.0000000000000000D+00  0.0000000000000000D+00
  0.0000000000000000D+00  0.0000000000000000D+00  0.0000000000000000D+00
  0.0000000000000000D+00  0.0000000000000000D+00  0.0000000000000000D+00
  0.0000000000000000D+00  0.0000000000000000D+00  0.0000000000000000D+00
  0.0000000000000000D+00  0.0000000000000000D+00  0.0000000000000000D+00
  0.0000000000000000D+00  0.0000000000000000D+00  0.0000000000000000D+00
  0.0000000000000000D+00  0.0000000000000000D+00  0.0000000000000000D+00
  0.0000000000000000D+00  0.0000000000000000D+00  0.0000000000000000D+00
  0.0000000000000000D+00  0.0000000000000000D+00  0.0000000000000000D+00
  0.0000000000000000D+00  0.0000000000000000D+00  0.0000000000000000D+00
  0.0000000000000000D+00  0.0000000000000000D+00  0.0000000000000000D+00
  0.0000000000000000D+00  0.0000000000000000D+00  0.0000000000000000D+00
  0.0000000000000000D+00  0.0000000000000000D+00  0.0000000000000000D+00
  0.0000000000000000D+00  0.0000000000000000D+00  0.0000000000000000D+00
  0.0000000000000000D+00  0.0000000000000000D+00  0.0000000000000000D+00
  0.0000000000000000D+00  0.0000000000000000D+00  0.0000000000000000D+00
  0.0000000000000000D+00  0.0000000000000000D+00  0.0000000000000000D+00
  0.0000000000000000D+00  0.0000000000000000D+00  0.0000000000000000D+00
  0.0000000000000000D+00  0.0000000000000000D+00  0.0000000000000000D+00
  0.0000000000000000D+00  0.0000000000000000D+00  0.0000000000000000D+00
  0.0000000000000000D+00  0.0000000000000000D+00  0.0000000000000000D+00
  0.0000000000000000D+00  0.0000000000000000D+00  0.0000000000000000D+00
  0.0000000000000000D+00  0.0000000000000000D+00  0.0000000000000000D+00
  0.0000000000000000D+00  0.0000000000000000D+00  0.0000000000000000D+00
  0.0000000000000000D+00  0.0000000000000000D+00  0.0000000000000000D+00
  0.0000000000000000D+00  0.0000000000000000D+00  0.0000000000000000D+00
  0.0000000000000000D+00  0.0000000000000000D+00  0.0000000000000000D+00
  0.0000000000000000D+00  0.0000000000000000D+00  0.0000000000000000D+00
  0.0000000000000000D+00  0.0000000000000000D+00  0.0000000000000000D+00
  0.0000000000000000D+00  0.0000000000000000D+00  0.0000000000000000D+00
  0.0000000000000000D+00  0.0000000000000000D+00  0.0000000000000000D+00
  0.0000000000000000D+00  0.0000000000000000D+00  0.0000000000000000D+00
  0.0000000000000000D+00  0.0000000000000000D+00  0.0000000000000000D+00
  0.0000000000000000D+00  0.0000000000000000D+00  0.0000000000000000D+00
  0.0000000000000000D+00  0.0000000000000000D+00  0.0000000000000000D+00
  0.0000000000000000D+00  0.0000000000000000D+00  0.0000000000000000D+00
  0.0000000000000000D+00  0.0000000000000000D+00  0.0000000000000000D+00
  0.0000000000000000D+00  0.0000000000000000D+00  0.0000000000000000D+00
  0.0000000000000000D+00  0.0000000000000000D+00  0.0000000000000000D+00
  0.0000000000000000D+00  0.0000000000000000D+00  0.0000000000000000D+00
  0.0000000000000000D+00  0.0000000000000000D+00  0.0000000000000000D+00
  0.0000000000000000D+00  0.0000000000000000D+00  0.0000000000000000D+00
 forcmx_constraint_quench
  0.1000000000000000D+03
 Ionic System Attributes
       1       0       1       1       1       0       0       1       0       0       0
       1       0       1       1       1       0       0       1       0       0       0
       1       1       1       1       1       0       0       1       1       1       1
       1       0       1       1       1       0       0       1       0       0       0
       1       1       1       1       1       0       0       1       1       1       1
       1       0       1       1       1       0       0       1       0       0       0
       1       1       1       1       1       0       0       1       1       1       1
       1       0       1       1       1       0       0       1       0       0       0
       1       0       1       1       1       0       0       1       0       0       0
       1       0       1       1       1       0       0       1       0       0       0
       1       1       1       1       1       0       0       1       1       1       1
       1       0       1       1       1       0       0       1       0       0       0
       1       1       1       1       1       0       0       1       1       1       1
       1       1       1       1       1       0       0       1       1       1       1
       1       0       1       1       1       0       0       1       0       0       0
       1       0       1       1       1       0       0       1       0       0       0
       1       0       1       1       1       0       0       1       0       0       0
       1       0       1       1       1       0       0       1       0       0       0
       1       1       1       1       1       0       0       1       1       1       1
       1       1       1       1       1       0       0       1       1       1       1
       1       0       1       1       1       0       0       1       0       0       0
       1       0       1       1       1       0       0       1       0       0       0
       1       1       1       1       1       0       0       1       1       1       1
       1       0       1       1       1       0       0       1       0       0       0
       1       0       1       1       1       0       0       1       0       0       0
       1       0       1       1       1       0       0       1       0       0       0
       1       1       1       1       1       0       0       1       1       1       1
       1       0       1       1       1       0       0       1       0       0       0
       1       0       1       1       1       0       0       1       0       0       0
       1       0       1       1       1       0       0       1       0       0       0
       1       0       1       1       1       0       0       1       0       0       0
       1       0       1       1       1       0       0       1       0       0       0
       1       0       1       1       1       0       0       1       0       0       0
       1       1       1       1       1       0       0       1       1       1       1
       1       0       1       1       1       0       0       1       0       0       0
       1       0       1       1       1       0       0       1       0       0       0
       1       1       1       1       1       0       0       1       1       1       1
       1       0       1       1       1       0       0       1       0       0       0
       1       1       1       1       1       0       0       1       1       1       1
       1       0       1       1       1       0       0       1       0       0       0
       1       0       1       1       1       0       0       1       0       0       0
       1       0       1       1       1       0       0       1       0       0       0
       1       0       1       1       1       0       0       1       0       0       0
       1       0       1       1       1       0       0       1       0       0       0
       1       1       1       1       1       0       0       1       1       1       1
       1       0       1       1       1       0       0       1       0       0       0
       1       0       1       1       1       0       0       1       0       0       0
       1       0       1       1       1       0       0       1       0       0       0
       1       0       1       1       1       0       0       1       0       0       0
       1       0       1       1       1       0       0       1       0       0       0
       1       0       1       1       1       0       0       1       0       0       0
       1       0       1       1       1       0       0       1       0       0       0
       1       0       1       1       1       0       0       1       0       0       0
       1       0       1       1       1       0       0       1       0       0       0
       1       1       1       1       1       0       0       1       1       1       1
       1       1       1       1       1       0       0       1       1       1       1
       1       0       1       1       1       0       0       1       0       0       0
       1       0       1       1       1       0       0       1       0       0       0
       1       0       1       1       1       0       0       1       0       0       0
       1       0       1       1       1       0       0       1       0       0       0
       1       1       1       1       1       0       0       1       1       1       1
       1       1       1       1       1       0       0       1       1       1       1
       1       1       1       1       1       0       0       1       1       1       1
 Total Energy
 -0.4283598982405700D+04 -0.4283598710520735D+04
 isolver
        56
convergence
         0
edelta_ontheway
  0.1000000000000000D-08
dtim_previous
 -0.1000000000000000D+01
corecharge_cntnbin
       0
neg
       479
 curr_atom_reservoir
       1
