  0.0000000e+000
  0.0000000e+000
  0.0000000e+000
  4.5756937e-001
  5.6418348e-001
  5.5480113e-001
  4.9407653e-001
  4.8486707e-001
  4.3135063e-001
  4.1480067e-001
  2.9755953e-001
  2.4632086e-001
  1.6451134e-001
  1.5261409e-001
  1.0961396e-001
  1.0559471e-001
  6.2781415e-002
  4.8647484e-002
  3.6070112e-002
  3.1973495e-002
  2.1642463e-002
  1.5127176e-002
  1.8031838e-002
  1.8707593e-002
  5.8323129e-002
  6.6081821e-002
  6.8798297e-002
  9.1399369e-002
  1.0600261e-001
  1.5387373e-001
  1.6189398e-001
  1.9510993e-001
  2.3820892e-001
  2.7137265e-001
  3.5882137e-001
  5.0859314e-001
  5.6014703e-001
  5.6007451e-001
  5.5637905e-001
  5.4532774e-001
  5.3551959e-001
  3.3430019e-001
  2.4413615e-001
  2.3827528e-001
  2.2807545e-001
  1.9476027e-001
  1.7006660e-001
  1.5178483e-001
  1.1455497e-001
  1.0613700e-001
  1.0047653e-001
  5.6649988e-002
  3.9168967e-002
  5.3293439e-001
  5.2145068e-001
  4.9726183e-001
  4.7697815e-001
  4.6166459e-001
  4.2143752e-001
  4.0132759e-001
  3.7571986e-001
  3.6524997e-001
  3.4875816e-001
  2.9503430e-001
  2.8456124e-001
  2.6986024e-002
  2.5029608e-002
  1.6074958e-002
  1.4381514e-002
  1.2587879e-002
  3.5990034e-002
  4.7426132e-002
  6.4796729e-002
  7.3054466e-002
  7.8823077e-002
  9.7354656e-002
  1.1718184e-001
  1.6305779e-001
  1.9216238e-001
  2.1392348e-001
  2.1827584e-001
  2.6287776e-001
  3.5203252e-001
  5.0334106e-001
  4.5011327e-001
  4.4800227e-001
  4.3893848e-001
  4.2355057e-001
  4.1805008e-001
  3.8718308e-001
  3.7994960e-001
  3.6186145e-001
  3.4416634e-001
  3.3790439e-001
  3.1806332e-001
  3.8009294e-001
  3.4147081e-001
  2.9946966e-001
  2.5558103e-001
  4.9750198e-001
  4.8290276e-001
  4.5820538e-001
  4.5233992e-001
  4.0603150e-001
  3.9849359e-001
  1.5816130e-001
  4.6836592e-001
  4.3789043e-001
  2.2442570e-002
  1.4509832e-002
  1.1432991e-002
  1.0808183e-002
  1.1944772e-002
  1.7830043e-002
  1.9002351e-002
  2.0818945e-002
  2.3396621e-002
  3.2281320e-002
  4.6276193e-002
  8.9497682e-002
  4.8169571e-002
  7.1186447e-002
  2.1618245e-002
  1.7458264e-002
  3.4284305e-002
  9.5832761e-002
  1.0880228e-001
  5.5469881e-001
  5.1024704e-001
  4.9435348e-001
  3.8473836e-001
  3.3899796e-001
  3.1307461e-001
  2.5045593e-001
  2.0108825e-001
  1.5939491e-001
  1.4233987e-001
  9.0941492e-002
  1.7229771e-002
  5.6282221e-001
  5.6409974e-001
  5.6270214e-001
  5.4873819e-001
  5.4121420e-001
  5.3573203e-001
  5.1142560e-001
  4.8800261e-001
  4.8649889e-001
  4.4477490e-001
  4.4223795e-001
  3.8758213e-001
  3.4398245e-001
  3.2712193e-001
  2.9441681e-001
  2.6539971e-001
  2.1514280e-001
  2.0788597e-001
  1.8874079e-001
  1.7245264e-001
  1.6062711e-001
  1.5453407e-001
  1.3103624e-001
  5.8606576e-002
  6.9114210e-002
  1.1372102e-001
  1.2753061e-001
  1.5499171e-001
  1.7994875e-001
  1.9911211e-001
  2.6692233e-001
  2.8514054e-001
  5.5357278e-001
  4.8903707e-001
  4.3655260e-001
  4.1183107e-001
  3.2140767e-001
  3.1660455e-001
  2.4802292e-001
  2.3717468e-001
  1.9498530e-001
  1.2779828e-001
  8.4556141e-002
  6.3088993e-002
  4.4191190e-002
  2.6335821e-002
  2.2482093e-002
  2.0865883e-002
  1.2529575e-002
  4.8281513e-001
  3.7158481e-001
  3.4183377e-001
  3.2933473e-001
