 iteration, iteration_ionic, iteration_electronic
      4229       384        11
 Ionic System
  (natm)
        64
  (pos)
  0.6249999998714331D-01  0.6249999998714331D-01  0.6249999998714331D-01
  0.4375000000286803D+00  0.4375000000286803D+00  0.4375000000286803D+00
  0.6249999998714331D-01  0.3125000000148346D+00  0.3125000000148346D+00
  0.4375000000286803D+00  0.1875000000009890D+00  0.1875000000009890D+00
  0.3125000000148346D+00  0.6249999998714331D-01  0.3125000000148346D+00
  0.1875000000009890D+00  0.4375000000286803D+00  0.1875000000009890D+00
  0.3125000000148346D+00  0.3125000000148346D+00  0.6249999998714331D-01
  0.1875000000009890D+00  0.1875000000009890D+00  0.4375000000286803D+00
  0.6249999998714331D-01  0.6249999998714331D-01  0.5625000000029668D+00
  0.4375000000286803D+00  0.4375000000286803D+00  0.9375000000049448D+00
  0.6249999998714331D-01  0.3125000000148346D+00  0.8125000000306583D+00
  0.4375000000286803D+00  0.1875000000009890D+00  0.6874999999772535D+00
  0.3125000000148346D+00  0.6249999998714331D-01  0.8125000000306583D+00
  0.1875000000009890D+00  0.4375000000286803D+00  0.6874999999772535D+00
  0.3125000000148346D+00  0.3125000000148346D+00  0.5625000000029668D+00
  0.1875000000009890D+00  0.1875000000009890D+00  0.9375000000049448D+00
  0.6249999998714331D-01  0.5625000000029668D+00  0.6249999998714331D-01
  0.4375000000286803D+00  0.9375000000049448D+00  0.4375000000286803D+00
  0.6249999998714331D-01  0.8125000000306583D+00  0.3125000000148346D+00
  0.4375000000286803D+00  0.6874999999772535D+00  0.1875000000009890D+00
  0.3125000000148346D+00  0.5625000000029668D+00  0.3125000000148346D+00
  0.1875000000009890D+00  0.9375000000049448D+00  0.1875000000009890D+00
  0.3125000000148346D+00  0.8125000000306583D+00  0.6249999998714331D-01
  0.1875000000009890D+00  0.6874999999772535D+00  0.4375000000286803D+00
  0.6249999998714331D-01  0.5625000000029668D+00  0.5625000000029668D+00
  0.4375000000286803D+00  0.9375000000049448D+00  0.9375000000049448D+00
  0.6249999998714331D-01  0.8125000000306583D+00  0.8125000000306583D+00
  0.4375000000286803D+00  0.6874999999772535D+00  0.6874999999772535D+00
  0.3125000000148346D+00  0.5625000000029668D+00  0.8125000000306583D+00
  0.1875000000009890D+00  0.9375000000049448D+00  0.6874999999772535D+00
  0.3125000000148346D+00  0.8125000000306583D+00  0.5625000000029668D+00
  0.1875000000009890D+00  0.6874999999772535D+00  0.9375000000049448D+00
  0.5625000000029668D+00  0.6249999998714331D-01  0.6249999998714331D-01
  0.9375000000049448D+00  0.4375000000286803D+00  0.4375000000286803D+00
  0.5625000000029668D+00  0.3125000000148346D+00  0.3125000000148346D+00
  0.9375000000049448D+00  0.1875000000009890D+00  0.1875000000009890D+00
  0.8125000000306583D+00  0.6249999998714331D-01  0.3125000000148346D+00
  0.6874999999772535D+00  0.4375000000286803D+00  0.1875000000009890D+00
  0.8125000000306583D+00  0.3125000000148346D+00  0.6249999998714331D-01
  0.6874999999772535D+00  0.1875000000009890D+00  0.4375000000286803D+00
  0.5625000000029668D+00  0.6249999998714331D-01  0.5625000000029668D+00
  0.9375000000049448D+00  0.4375000000286803D+00  0.9375000000049448D+00
  0.5625000000029668D+00  0.3125000000148346D+00  0.8125000000306583D+00
  0.9375000000049448D+00  0.1875000000009890D+00  0.6874999999772535D+00
  0.8125000000306583D+00  0.6249999998714331D-01  0.8125000000306583D+00
  0.6874999999772535D+00  0.4375000000286803D+00  0.6874999999772535D+00
  0.8125000000306583D+00  0.3125000000148346D+00  0.5625000000029668D+00
  0.6874999999772535D+00  0.1875000000009890D+00  0.9375000000049448D+00
  0.5625000000029668D+00  0.5625000000029668D+00  0.6249999998714331D-01
  0.9375000000049448D+00  0.9375000000049448D+00  0.4375000000286803D+00
  0.5625000000029668D+00  0.8125000000306583D+00  0.3125000000148346D+00
  0.9375000000049448D+00  0.6874999999772535D+00  0.1875000000009890D+00
  0.8125000000306583D+00  0.5625000000029668D+00  0.3125000000148346D+00
  0.6874999999772535D+00  0.9375000000049448D+00  0.1875000000009890D+00
  0.8125000000306583D+00  0.8125000000306583D+00  0.6249999998714331D-01
  0.6874999999772535D+00  0.6874999999772535D+00  0.4375000000286803D+00
  0.5625000000029668D+00  0.5625000000029668D+00  0.5625000000029668D+00
  0.9375000000049448D+00  0.9375000000049448D+00  0.9375000000049448D+00
  0.5625000000029668D+00  0.8125000000306583D+00  0.8125000000306583D+00
  0.9375000000049448D+00  0.6874999999772535D+00  0.6874999999772535D+00
  0.8125000000306583D+00  0.5625000000029668D+00  0.8125000000306583D+00
  0.6874999999772535D+00  0.9375000000049448D+00  0.6874999999772535D+00
  0.8125000000306583D+00  0.8125000000306583D+00  0.5625000000029668D+00
  0.6874999999772535D+00  0.6874999999772535D+00  0.9375000000049448D+00
  (cps)
  0.1579917078000000D+01  0.1579917078000000D+01  0.1579917078000000D+01
  0.1105941954900000D+02  0.1105941954900000D+02  0.1105941954900000D+02
  0.1579917078000000D+01  0.7899585392000001D+01  0.7899585392000001D+01
  0.1105941954900000D+02  0.4739751235000000D+01  0.4739751235000000D+01
  0.7899585392000001D+01  0.1579917078000000D+01  0.7899585392000001D+01
  0.4739751235000000D+01  0.1105941954900000D+02  0.4739751235000000D+01
  0.7899585392000001D+01  0.7899585392000001D+01  0.1579917078000000D+01
  0.4739751235000000D+01  0.4739751235000000D+01  0.1105941954900000D+02
  0.1579917078000000D+01  0.1579917078000000D+01  0.1421925370500000D+02
  0.1105941954900000D+02  0.1105941954900000D+02  0.2369875617500000D+02
  0.1579917078000000D+01  0.7899585392000001D+01  0.2053892201900000D+02
  0.1105941954900000D+02  0.4739751235000000D+01  0.1737908786100000D+02
  0.7899585392000001D+01  0.1579917078000000D+01  0.2053892201900000D+02
  0.4739751235000000D+01  0.1105941954900000D+02  0.1737908786100000D+02
  0.7899585392000001D+01  0.7899585392000001D+01  0.1421925370500000D+02
  0.4739751235000000D+01  0.4739751235000000D+01  0.2369875617500000D+02
  0.1579917078000000D+01  0.1421925370500000D+02  0.1579917078000000D+01
  0.1105941954900000D+02  0.2369875617500000D+02  0.1105941954900000D+02
  0.1579917078000000D+01  0.2053892201900000D+02  0.7899585392000001D+01
  0.1105941954900000D+02  0.1737908786100000D+02  0.4739751235000000D+01
  0.7899585392000001D+01  0.1421925370500000D+02  0.7899585392000001D+01
  0.4739751235000000D+01  0.2369875617500000D+02  0.4739751235000000D+01
  0.7899585392000001D+01  0.2053892201900000D+02  0.1579917078000000D+01
  0.4739751235000000D+01  0.1737908786100000D+02  0.1105941954900000D+02
  0.1579917078000000D+01  0.1421925370500000D+02  0.1421925370500000D+02
  0.1105941954900000D+02  0.2369875617500000D+02  0.2369875617500000D+02
  0.1579917078000000D+01  0.2053892201900000D+02  0.2053892201900000D+02
  0.1105941954900000D+02  0.1737908786100000D+02  0.1737908786100000D+02
  0.7899585392000001D+01  0.1421925370500000D+02  0.2053892201900000D+02
  0.4739751235000000D+01  0.2369875617500000D+02  0.1737908786100000D+02
  0.7899585392000001D+01  0.2053892201900000D+02  0.1421925370500000D+02
  0.4739751235000000D+01  0.1737908786100000D+02  0.2369875617500000D+02
  0.1421925370500000D+02  0.1579917078000000D+01  0.1579917078000000D+01
  0.2369875617500000D+02  0.1105941954900000D+02  0.1105941954900000D+02
  0.1421925370500000D+02  0.7899585392000001D+01  0.7899585392000001D+01
  0.2369875617500000D+02  0.4739751235000000D+01  0.4739751235000000D+01
  0.2053892201900000D+02  0.1579917078000000D+01  0.7899585392000001D+01
  0.1737908786100000D+02  0.1105941954900000D+02  0.4739751235000000D+01
  0.2053892201900000D+02  0.7899585392000001D+01  0.1579917078000000D+01
  0.1737908786100000D+02  0.4739751235000000D+01  0.1105941954900000D+02
  0.1421925370500000D+02  0.1579917078000000D+01  0.1421925370500000D+02
  0.2369875617500000D+02  0.1105941954900000D+02  0.2369875617500000D+02
  0.1421925370500000D+02  0.7899585392000001D+01  0.2053892201900000D+02
  0.2369875617500000D+02  0.4739751235000000D+01  0.1737908786100000D+02
  0.2053892201900000D+02  0.1579917078000000D+01  0.2053892201900000D+02
  0.1737908786100000D+02  0.1105941954900000D+02  0.1737908786100000D+02
  0.2053892201900000D+02  0.7899585392000001D+01  0.1421925370500000D+02
  0.1737908786100000D+02  0.4739751235000000D+01  0.2369875617500000D+02
  0.1421925370500000D+02  0.1421925370500000D+02  0.1579917078000000D+01
  0.2369875617500000D+02  0.2369875617500000D+02  0.1105941954900000D+02
  0.1421925370500000D+02  0.2053892201900000D+02  0.7899585392000001D+01
  0.2369875617500000D+02  0.1737908786100000D+02  0.4739751235000000D+01
  0.2053892201900000D+02  0.1421925370500000D+02  0.7899585392000001D+01
  0.1737908786100000D+02  0.2369875617500000D+02  0.4739751235000000D+01
  0.2053892201900000D+02  0.2053892201900000D+02  0.1579917078000000D+01
  0.1737908786100000D+02  0.1737908786100000D+02  0.1105941954900000D+02
  0.1421925370500000D+02  0.1421925370500000D+02  0.1421925370500000D+02
  0.2369875617500000D+02  0.2369875617500000D+02  0.2369875617500000D+02
  0.1421925370500000D+02  0.2053892201900000D+02  0.2053892201900000D+02
  0.2369875617500000D+02  0.1737908786100000D+02  0.1737908786100000D+02
  0.2053892201900000D+02  0.1421925370500000D+02  0.2053892201900000D+02
  0.1737908786100000D+02  0.2369875617500000D+02  0.1737908786100000D+02
  0.2053892201900000D+02  0.2053892201900000D+02  0.1421925370500000D+02
  0.1737908786100000D+02  0.1737908786100000D+02  0.2369875617500000D+02
  (cpd)
  0.0000000000000000D+00  0.0000000000000000D+00  0.0000000000000000D+00
  0.0000000000000000D+00  0.0000000000000000D+00  0.0000000000000000D+00
  0.0000000000000000D+00  0.0000000000000000D+00  0.0000000000000000D+00
  0.0000000000000000D+00  0.0000000000000000D+00  0.0000000000000000D+00
  0.0000000000000000D+00  0.0000000000000000D+00  0.0000000000000000D+00
  0.0000000000000000D+00  0.0000000000000000D+00  0.0000000000000000D+00
  0.0000000000000000D+00  0.0000000000000000D+00  0.0000000000000000D+00
  0.0000000000000000D+00  0.0000000000000000D+00  0.0000000000000000D+00
  0.0000000000000000D+00  0.0000000000000000D+00  0.0000000000000000D+00
  0.0000000000000000D+00  0.0000000000000000D+00  0.0000000000000000D+00
  0.0000000000000000D+00  0.0000000000000000D+00  0.0000000000000000D+00
  0.0000000000000000D+00  0.0000000000000000D+00  0.0000000000000000D+00
  0.0000000000000000D+00  0.0000000000000000D+00  0.0000000000000000D+00
  0.0000000000000000D+00  0.0000000000000000D+00  0.0000000000000000D+00
  0.0000000000000000D+00  0.0000000000000000D+00  0.0000000000000000D+00
  0.0000000000000000D+00  0.0000000000000000D+00  0.0000000000000000D+00
  0.0000000000000000D+00  0.0000000000000000D+00  0.0000000000000000D+00
  0.0000000000000000D+00  0.0000000000000000D+00  0.0000000000000000D+00
  0.0000000000000000D+00  0.0000000000000000D+00  0.0000000000000000D+00
  0.0000000000000000D+00  0.0000000000000000D+00  0.0000000000000000D+00
  0.0000000000000000D+00  0.0000000000000000D+00  0.0000000000000000D+00
  0.0000000000000000D+00  0.0000000000000000D+00  0.0000000000000000D+00
  0.0000000000000000D+00  0.0000000000000000D+00  0.0000000000000000D+00
  0.0000000000000000D+00  0.0000000000000000D+00  0.0000000000000000D+00
  0.0000000000000000D+00  0.0000000000000000D+00  0.0000000000000000D+00
  0.0000000000000000D+00  0.0000000000000000D+00  0.0000000000000000D+00
  0.0000000000000000D+00  0.0000000000000000D+00  0.0000000000000000D+00
  0.0000000000000000D+00  0.0000000000000000D+00  0.0000000000000000D+00
  0.0000000000000000D+00  0.0000000000000000D+00  0.0000000000000000D+00
  0.0000000000000000D+00  0.0000000000000000D+00  0.0000000000000000D+00
  0.0000000000000000D+00  0.0000000000000000D+00  0.0000000000000000D+00
  0.0000000000000000D+00  0.0000000000000000D+00  0.0000000000000000D+00
  0.0000000000000000D+00  0.0000000000000000D+00  0.0000000000000000D+00
  0.0000000000000000D+00  0.0000000000000000D+00  0.0000000000000000D+00
  0.0000000000000000D+00  0.0000000000000000D+00  0.0000000000000000D+00
  0.0000000000000000D+00  0.0000000000000000D+00  0.0000000000000000D+00
  0.0000000000000000D+00  0.0000000000000000D+00  0.0000000000000000D+00
  0.0000000000000000D+00  0.0000000000000000D+00  0.0000000000000000D+00
  0.0000000000000000D+00  0.0000000000000000D+00  0.0000000000000000D+00
  0.0000000000000000D+00  0.0000000000000000D+00  0.0000000000000000D+00
  0.0000000000000000D+00  0.0000000000000000D+00  0.0000000000000000D+00
  0.0000000000000000D+00  0.0000000000000000D+00  0.0000000000000000D+00
  0.0000000000000000D+00  0.0000000000000000D+00  0.0000000000000000D+00
  0.0000000000000000D+00  0.0000000000000000D+00  0.0000000000000000D+00
  0.0000000000000000D+00  0.0000000000000000D+00  0.0000000000000000D+00
  0.0000000000000000D+00  0.0000000000000000D+00  0.0000000000000000D+00
  0.0000000000000000D+00  0.0000000000000000D+00  0.0000000000000000D+00
  0.0000000000000000D+00  0.0000000000000000D+00  0.0000000000000000D+00
  0.0000000000000000D+00  0.0000000000000000D+00  0.0000000000000000D+00
  0.0000000000000000D+00  0.0000000000000000D+00  0.0000000000000000D+00
  0.0000000000000000D+00  0.0000000000000000D+00  0.0000000000000000D+00
  0.0000000000000000D+00  0.0000000000000000D+00  0.0000000000000000D+00
  0.0000000000000000D+00  0.0000000000000000D+00  0.0000000000000000D+00
  0.0000000000000000D+00  0.0000000000000000D+00  0.0000000000000000D+00
  0.0000000000000000D+00  0.0000000000000000D+00  0.0000000000000000D+00
  0.0000000000000000D+00  0.0000000000000000D+00  0.0000000000000000D+00
  0.0000000000000000D+00  0.0000000000000000D+00  0.0000000000000000D+00
  0.0000000000000000D+00  0.0000000000000000D+00  0.0000000000000000D+00
  0.0000000000000000D+00  0.0000000000000000D+00  0.0000000000000000D+00
  0.0000000000000000D+00  0.0000000000000000D+00  0.0000000000000000D+00
  0.0000000000000000D+00  0.0000000000000000D+00  0.0000000000000000D+00
  0.0000000000000000D+00  0.0000000000000000D+00  0.0000000000000000D+00
  0.0000000000000000D+00  0.0000000000000000D+00  0.0000000000000000D+00
  0.0000000000000000D+00  0.0000000000000000D+00  0.0000000000000000D+00
  (cpo(  1))
  0.1579917078000000D+01  0.1579917078000000D+01  0.1579917078000000D+01
  0.1105941954900000D+02  0.1105941954900000D+02  0.1105941954900000D+02
  0.1579917078000000D+01  0.7899585392000001D+01  0.7899585392000001D+01
  0.1105941954900000D+02  0.4739751235000000D+01  0.4739751235000000D+01
  0.7899585392000001D+01  0.1579917078000000D+01  0.7899585392000001D+01
  0.4739751235000000D+01  0.1105941954900000D+02  0.4739751235000000D+01
  0.7899585392000001D+01  0.7899585392000001D+01  0.1579917078000000D+01
  0.4739751235000000D+01  0.4739751235000000D+01  0.1105941954900000D+02
  0.1579917078000000D+01  0.1579917078000000D+01  0.1421925370500000D+02
  0.1105941954900000D+02  0.1105941954900000D+02  0.2369875617500000D+02
  0.1579917078000000D+01  0.7899585392000001D+01  0.2053892201900000D+02
  0.1105941954900000D+02  0.4739751235000000D+01  0.1737908786100000D+02
  0.7899585392000001D+01  0.1579917078000000D+01  0.2053892201900000D+02
  0.4739751235000000D+01  0.1105941954900000D+02  0.1737908786100000D+02
  0.7899585392000001D+01  0.7899585392000001D+01  0.1421925370500000D+02
  0.4739751235000000D+01  0.4739751235000000D+01  0.2369875617500000D+02
  0.1579917078000000D+01  0.1421925370500000D+02  0.1579917078000000D+01
  0.1105941954900000D+02  0.2369875617500000D+02  0.1105941954900000D+02
  0.1579917078000000D+01  0.2053892201900000D+02  0.7899585392000001D+01
  0.1105941954900000D+02  0.1737908786100000D+02  0.4739751235000000D+01
  0.7899585392000001D+01  0.1421925370500000D+02  0.7899585392000001D+01
  0.4739751235000000D+01  0.2369875617500000D+02  0.4739751235000000D+01
  0.7899585392000001D+01  0.2053892201900000D+02  0.1579917078000000D+01
  0.4739751235000000D+01  0.1737908786100000D+02  0.1105941954900000D+02
  0.1579917078000000D+01  0.1421925370500000D+02  0.1421925370500000D+02
  0.1105941954900000D+02  0.2369875617500000D+02  0.2369875617500000D+02
  0.1579917078000000D+01  0.2053892201900000D+02  0.2053892201900000D+02
  0.1105941954900000D+02  0.1737908786100000D+02  0.1737908786100000D+02
  0.7899585392000001D+01  0.1421925370500000D+02  0.2053892201900000D+02
  0.4739751235000000D+01  0.2369875617500000D+02  0.1737908786100000D+02
  0.7899585392000001D+01  0.2053892201900000D+02  0.1421925370500000D+02
  0.4739751235000000D+01  0.1737908786100000D+02  0.2369875617500000D+02
  0.1421925370500000D+02  0.1579917078000000D+01  0.1579917078000000D+01
  0.2369875617500000D+02  0.1105941954900000D+02  0.1105941954900000D+02
  0.1421925370500000D+02  0.7899585392000001D+01  0.7899585392000001D+01
  0.2369875617500000D+02  0.4739751235000000D+01  0.4739751235000000D+01
  0.2053892201900000D+02  0.1579917078000000D+01  0.7899585392000001D+01
  0.1737908786100000D+02  0.1105941954900000D+02  0.4739751235000000D+01
  0.2053892201900000D+02  0.7899585392000001D+01  0.1579917078000000D+01
  0.1737908786100000D+02  0.4739751235000000D+01  0.1105941954900000D+02
  0.1421925370500000D+02  0.1579917078000000D+01  0.1421925370500000D+02
  0.2369875617500000D+02  0.1105941954900000D+02  0.2369875617500000D+02
  0.1421925370500000D+02  0.7899585392000001D+01  0.2053892201900000D+02
  0.2369875617500000D+02  0.4739751235000000D+01  0.1737908786100000D+02
  0.2053892201900000D+02  0.1579917078000000D+01  0.2053892201900000D+02
  0.1737908786100000D+02  0.1105941954900000D+02  0.1737908786100000D+02
  0.2053892201900000D+02  0.7899585392000001D+01  0.1421925370500000D+02
  0.1737908786100000D+02  0.4739751235000000D+01  0.2369875617500000D+02
  0.1421925370500000D+02  0.1421925370500000D+02  0.1579917078000000D+01
  0.2369875617500000D+02  0.2369875617500000D+02  0.1105941954900000D+02
  0.1421925370500000D+02  0.2053892201900000D+02  0.7899585392000001D+01
  0.2369875617500000D+02  0.1737908786100000D+02  0.4739751235000000D+01
  0.2053892201900000D+02  0.1421925370500000D+02  0.7899585392000001D+01
  0.1737908786100000D+02  0.2369875617500000D+02  0.4739751235000000D+01
  0.2053892201900000D+02  0.2053892201900000D+02  0.1579917078000000D+01
  0.1737908786100000D+02  0.1737908786100000D+02  0.1105941954900000D+02
  0.1421925370500000D+02  0.1421925370500000D+02  0.1421925370500000D+02
  0.2369875617500000D+02  0.2369875617500000D+02  0.2369875617500000D+02
  0.1421925370500000D+02  0.2053892201900000D+02  0.2053892201900000D+02
  0.2369875617500000D+02  0.1737908786100000D+02  0.1737908786100000D+02
  0.2053892201900000D+02  0.1421925370500000D+02  0.2053892201900000D+02
  0.1737908786100000D+02  0.2369875617500000D+02  0.1737908786100000D+02
  0.2053892201900000D+02  0.2053892201900000D+02  0.1421925370500000D+02
  0.1737908786100000D+02  0.1737908786100000D+02  0.2359875617500000D+02
  (cpo(  2))
  0.0000000000000000D+00  0.0000000000000000D+00  0.0000000000000000D+00
  0.0000000000000000D+00  0.0000000000000000D+00  0.0000000000000000D+00
  0.0000000000000000D+00  0.0000000000000000D+00  0.0000000000000000D+00
  0.0000000000000000D+00  0.0000000000000000D+00  0.0000000000000000D+00
  0.0000000000000000D+00  0.0000000000000000D+00  0.0000000000000000D+00
  0.0000000000000000D+00  0.0000000000000000D+00  0.0000000000000000D+00
  0.0000000000000000D+00  0.0000000000000000D+00  0.0000000000000000D+00
  0.0000000000000000D+00  0.0000000000000000D+00  0.0000000000000000D+00
  0.0000000000000000D+00  0.0000000000000000D+00  0.0000000000000000D+00
  0.0000000000000000D+00  0.0000000000000000D+00  0.0000000000000000D+00
  0.0000000000000000D+00  0.0000000000000000D+00  0.0000000000000000D+00
  0.0000000000000000D+00  0.0000000000000000D+00  0.0000000000000000D+00
  0.0000000000000000D+00  0.0000000000000000D+00  0.0000000000000000D+00
  0.0000000000000000D+00  0.0000000000000000D+00  0.0000000000000000D+00
  0.0000000000000000D+00  0.0000000000000000D+00  0.0000000000000000D+00
  0.0000000000000000D+00  0.0000000000000000D+00  0.0000000000000000D+00
  0.0000000000000000D+00  0.0000000000000000D+00  0.0000000000000000D+00
  0.0000000000000000D+00  0.0000000000000000D+00  0.0000000000000000D+00
  0.0000000000000000D+00  0.0000000000000000D+00  0.0000000000000000D+00
  0.0000000000000000D+00  0.0000000000000000D+00  0.0000000000000000D+00
  0.0000000000000000D+00  0.0000000000000000D+00  0.0000000000000000D+00
  0.0000000000000000D+00  0.0000000000000000D+00  0.0000000000000000D+00
  0.0000000000000000D+00  0.0000000000000000D+00  0.0000000000000000D+00
  0.0000000000000000D+00  0.0000000000000000D+00  0.0000000000000000D+00
  0.0000000000000000D+00  0.0000000000000000D+00  0.0000000000000000D+00
  0.0000000000000000D+00  0.0000000000000000D+00  0.0000000000000000D+00
  0.0000000000000000D+00  0.0000000000000000D+00  0.0000000000000000D+00
  0.0000000000000000D+00  0.0000000000000000D+00  0.0000000000000000D+00
  0.0000000000000000D+00  0.0000000000000000D+00  0.0000000000000000D+00
  0.0000000000000000D+00  0.0000000000000000D+00  0.0000000000000000D+00
  0.0000000000000000D+00  0.0000000000000000D+00  0.0000000000000000D+00
  0.0000000000000000D+00  0.0000000000000000D+00  0.0000000000000000D+00
  0.0000000000000000D+00  0.0000000000000000D+00  0.0000000000000000D+00
  0.0000000000000000D+00  0.0000000000000000D+00  0.0000000000000000D+00
  0.0000000000000000D+00  0.0000000000000000D+00  0.0000000000000000D+00
  0.0000000000000000D+00  0.0000000000000000D+00  0.0000000000000000D+00
  0.0000000000000000D+00  0.0000000000000000D+00  0.0000000000000000D+00
  0.0000000000000000D+00  0.0000000000000000D+00  0.0000000000000000D+00
  0.0000000000000000D+00  0.0000000000000000D+00  0.0000000000000000D+00
  0.0000000000000000D+00  0.0000000000000000D+00  0.0000000000000000D+00
  0.0000000000000000D+00  0.0000000000000000D+00  0.0000000000000000D+00
  0.0000000000000000D+00  0.0000000000000000D+00  0.0000000000000000D+00
  0.0000000000000000D+00  0.0000000000000000D+00  0.0000000000000000D+00
  0.0000000000000000D+00  0.0000000000000000D+00  0.0000000000000000D+00
  0.0000000000000000D+00  0.0000000000000000D+00  0.0000000000000000D+00
  0.0000000000000000D+00  0.0000000000000000D+00  0.0000000000000000D+00
  0.0000000000000000D+00  0.0000000000000000D+00  0.0000000000000000D+00
  0.0000000000000000D+00  0.0000000000000000D+00  0.0000000000000000D+00
  0.0000000000000000D+00  0.0000000000000000D+00  0.0000000000000000D+00
  0.0000000000000000D+00  0.0000000000000000D+00  0.0000000000000000D+00
  0.0000000000000000D+00  0.0000000000000000D+00  0.0000000000000000D+00
  0.0000000000000000D+00  0.0000000000000000D+00  0.0000000000000000D+00
  0.0000000000000000D+00  0.0000000000000000D+00  0.0000000000000000D+00
  0.0000000000000000D+00  0.0000000000000000D+00  0.0000000000000000D+00
  0.0000000000000000D+00  0.0000000000000000D+00  0.0000000000000000D+00
  0.0000000000000000D+00  0.0000000000000000D+00  0.0000000000000000D+00
  0.0000000000000000D+00  0.0000000000000000D+00  0.0000000000000000D+00
  0.0000000000000000D+00  0.0000000000000000D+00  0.0000000000000000D+00
  0.0000000000000000D+00  0.0000000000000000D+00  0.0000000000000000D+00
  0.0000000000000000D+00  0.0000000000000000D+00  0.0000000000000000D+00
  0.0000000000000000D+00  0.0000000000000000D+00  0.0000000000000000D+00
  0.0000000000000000D+00  0.0000000000000000D+00  0.0000000000000000D+00
  0.0000000000000000D+00  0.0000000000000000D+00  0.0000000000000000D+00
  0.0000000000000000D+00  0.0000000000000000D+00  0.0000000000000000D+00
  (cpo(  3))
  0.0000000000000000D+00  0.0000000000000000D+00  0.0000000000000000D+00
  0.0000000000000000D+00  0.0000000000000000D+00  0.0000000000000000D+00
  0.0000000000000000D+00  0.0000000000000000D+00  0.0000000000000000D+00
  0.0000000000000000D+00  0.0000000000000000D+00  0.0000000000000000D+00
  0.0000000000000000D+00  0.0000000000000000D+00  0.0000000000000000D+00
  0.0000000000000000D+00  0.0000000000000000D+00  0.0000000000000000D+00
  0.0000000000000000D+00  0.0000000000000000D+00  0.0000000000000000D+00
  0.0000000000000000D+00  0.0000000000000000D+00  0.0000000000000000D+00
  0.0000000000000000D+00  0.0000000000000000D+00  0.0000000000000000D+00
  0.0000000000000000D+00  0.0000000000000000D+00  0.0000000000000000D+00
  0.0000000000000000D+00  0.0000000000000000D+00  0.0000000000000000D+00
  0.0000000000000000D+00  0.0000000000000000D+00  0.0000000000000000D+00
  0.0000000000000000D+00  0.0000000000000000D+00  0.0000000000000000D+00
  0.0000000000000000D+00  0.0000000000000000D+00  0.0000000000000000D+00
  0.0000000000000000D+00  0.0000000000000000D+00  0.0000000000000000D+00
  0.0000000000000000D+00  0.0000000000000000D+00  0.0000000000000000D+00
  0.0000000000000000D+00  0.0000000000000000D+00  0.0000000000000000D+00
  0.0000000000000000D+00  0.0000000000000000D+00  0.0000000000000000D+00
  0.0000000000000000D+00  0.0000000000000000D+00  0.0000000000000000D+00
  0.0000000000000000D+00  0.0000000000000000D+00  0.0000000000000000D+00
  0.0000000000000000D+00  0.0000000000000000D+00  0.0000000000000000D+00
  0.0000000000000000D+00  0.0000000000000000D+00  0.0000000000000000D+00
  0.0000000000000000D+00  0.0000000000000000D+00  0.0000000000000000D+00
  0.0000000000000000D+00  0.0000000000000000D+00  0.0000000000000000D+00
  0.0000000000000000D+00  0.0000000000000000D+00  0.0000000000000000D+00
  0.0000000000000000D+00  0.0000000000000000D+00  0.0000000000000000D+00
  0.0000000000000000D+00  0.0000000000000000D+00  0.0000000000000000D+00
  0.0000000000000000D+00  0.0000000000000000D+00  0.0000000000000000D+00
  0.0000000000000000D+00  0.0000000000000000D+00  0.0000000000000000D+00
  0.0000000000000000D+00  0.0000000000000000D+00  0.0000000000000000D+00
  0.0000000000000000D+00  0.0000000000000000D+00  0.0000000000000000D+00
  0.0000000000000000D+00  0.0000000000000000D+00  0.0000000000000000D+00
  0.0000000000000000D+00  0.0000000000000000D+00  0.0000000000000000D+00
  0.0000000000000000D+00  0.0000000000000000D+00  0.0000000000000000D+00
  0.0000000000000000D+00  0.0000000000000000D+00  0.0000000000000000D+00
  0.0000000000000000D+00  0.0000000000000000D+00  0.0000000000000000D+00
  0.0000000000000000D+00  0.0000000000000000D+00  0.0000000000000000D+00
  0.0000000000000000D+00  0.0000000000000000D+00  0.0000000000000000D+00
  0.0000000000000000D+00  0.0000000000000000D+00  0.0000000000000000D+00
  0.0000000000000000D+00  0.0000000000000000D+00  0.0000000000000000D+00
  0.0000000000000000D+00  0.0000000000000000D+00  0.0000000000000000D+00
  0.0000000000000000D+00  0.0000000000000000D+00  0.0000000000000000D+00
  0.0000000000000000D+00  0.0000000000000000D+00  0.0000000000000000D+00
  0.0000000000000000D+00  0.0000000000000000D+00  0.0000000000000000D+00
  0.0000000000000000D+00  0.0000000000000000D+00  0.0000000000000000D+00
  0.0000000000000000D+00  0.0000000000000000D+00  0.0000000000000000D+00
  0.0000000000000000D+00  0.0000000000000000D+00  0.0000000000000000D+00
  0.0000000000000000D+00  0.0000000000000000D+00  0.0000000000000000D+00
  0.0000000000000000D+00  0.0000000000000000D+00  0.0000000000000000D+00
  0.0000000000000000D+00  0.0000000000000000D+00  0.0000000000000000D+00
  0.0000000000000000D+00  0.0000000000000000D+00  0.0000000000000000D+00
  0.0000000000000000D+00  0.0000000000000000D+00  0.0000000000000000D+00
  0.0000000000000000D+00  0.0000000000000000D+00  0.0000000000000000D+00
  0.0000000000000000D+00  0.0000000000000000D+00  0.0000000000000000D+00
  0.0000000000000000D+00  0.0000000000000000D+00  0.0000000000000000D+00
  0.0000000000000000D+00  0.0000000000000000D+00  0.0000000000000000D+00
  0.0000000000000000D+00  0.0000000000000000D+00  0.0000000000000000D+00
  0.0000000000000000D+00  0.0000000000000000D+00  0.0000000000000000D+00
  0.0000000000000000D+00  0.0000000000000000D+00  0.0000000000000000D+00
  0.0000000000000000D+00  0.0000000000000000D+00  0.0000000000000000D+00
  0.0000000000000000D+00  0.0000000000000000D+00  0.0000000000000000D+00
  0.0000000000000000D+00  0.0000000000000000D+00  0.0000000000000000D+00
  0.0000000000000000D+00  0.0000000000000000D+00  0.0000000000000000D+00
  0.0000000000000000D+00  0.0000000000000000D+00  0.0000000000000000D+00
 forcmx_constraint_quench
  0.1000000000000000D+03
 Ionic System Attributes
       1       1       1       1       1       0       0       1       0       0       0
       1       1       1       1       1       0       0       1       0       0       0
       1       1       1       1       1       0       0       1       0       0       0
       1       1       1       1       1       0       0       1       0       0       0
       1       1       1       1       1       0       0       1       0       0       0
       1       1       1       1       1       0       0       1       0       0       0
       1       1       1       1       1       0       0       1       0       0       0
       1       1       1       1       1       0       0       1       0       0       0
       1       1       1       1       1       0       0       1       0       0       0
       1       1       1       1       1       0       0       1       0       0       0
       1       1       1       1       1       0       0       1       0       0       0
       1       1       1       1       1       0       0       1       0       0       0
       1       1       1       1       1       0       0       1       0       0       0
       1       1       1       1       1       0       0       1       0       0       0
       1       1       1       1       1       0       0       1       0       0       0
       1       1       1       1       1       0       0       1       0       0       0
       1       1       1       1       1       0       0       1       0       0       0
       1       1       1       1       1       0       0       1       0       0       0
       1       1       1       1       1       0       0       1       0       0       0
       1       1       1       1       1       0       0       1       0       0       0
       1       1       1       1       1       0       0       1       0       0       0
       1       1       1       1       1       0       0       1       0       0       0
       1       1       1       1       1       0       0       1       0       0       0
       1       1       1       1       1       0       0       1       0       0       0
       1       1       1       1       1       0       0       1       0       0       0
       1       1       1       1       1       0       0       1       0       0       0
       1       1       1       1       1       0       0       1       0       0       0
       1       1       1       1       1       0       0       1       0       0       0
       1       1       1       1       1       0       0       1       0       0       0
       1       1       1       1       1       0       0       1       0       0       0
       1       1       1       1       1       0       0       1       0       0       0
       1       1       1       1       1       0       0       1       0       0       0
       1       1       1       1       1       0       0       1       0       0       0
       1       1       1       1       1       0       0       1       0       0       0
       1       1       1       1       1       0       0       1       0       0       0
       1       1       1       1       1       0       0       1       0       0       0
       1       1       1       1       1       0       0       1       0       0       0
       1       1       1       1       1       0       0       1       0       0       0
       1       1       1       1       1       0       0       1       0       0       0
       1       1       1       1       1       0       0       1       0       0       0
       1       1       1       1       1       0       0       1       0       0       0
       1       1       1       1       1       0       0       1       0       0       0
       1       1       1       1       1       0       0       1       0       0       0
       1       1       1       1       1       0       0       1       0       0       0
       1       1       1       1       1       0       0       1       0       0       0
       1       1       1       1       1       0       0       1       0       0       0
       1       1       1       1       1       0       0       1       0       0       0
       1       1       1       1       1       0       0       1       0       0       0
       1       1       1       1       1       0       0       1       0       0       0
       1       1       1       1       1       0       0       1       0       0       0
       1       1       1       1       1       0       0       1       0       0       0
       1       1       1       1       1       0       0       1       0       0       0
       1       1       1       1       1       0       0       1       0       0       0
       1       1       1       1       1       0       0       1       0       0       0
       1       1       1       1       1       0       0       1       0       0       0
       1       1       1       1       1       0       0       1       0       0       0
       1       1       1       1       1       0       0       1       0       0       0
       1       1       1       1       1       0       0       1       0       0       0
       1       1       1       1       1       0       0       1       0       0       0
       1       1       1       1       1       0       0       1       0       0       0
       1       1       1       1       1       0       0       1       0       0       0
       1       1       1       1       1       0       0       1       0       0       0
       1       1       1       1       1       0       0       1       0       0       0
       1       1       1       1       1       0       0       1       0       0       0
 Total Energy
 -0.4351441057638225D+04 -0.4351441057638225D+04
 isolver
         5
convergence
         2
edelta_ontheway
  0.1000000000000000D-08
dtim_previous
 -0.1000000000000000D+01
corecharge_cntnbin
       0
neg
       486
 curr_atom_reservoir
       1
