  No.   E(hr.)        dos(hr.)         E(eV)          dos(eV)              sum
      6  -0.86080      0.0000000000    -21.233119      0.0000000000        0.0000000000
     16  -0.85980      0.0000000048    -21.205907      0.0000000002        0.0000000000
     26  -0.85880      0.0000048329    -21.178696      0.0000001776        0.0000000010
     36  -0.85780      0.0018824644    -21.151484      0.0000691793        0.0000004355
     46  -0.85680      0.2877287470    -21.124273      0.0105738326        0.0000760118
     56  -0.85580     17.4648696942    -21.097062      0.6418218895        0.0054355494
     66  -0.85480    429.4408635450    -21.069850     15.7816549058        0.1641875975
     76  -0.85380   4413.3424650448    -21.042639    162.1872850888        2.1955471181
     86  -0.85280  19820.5042875953    -21.015427    728.3898326399       13.9205397068
     96  -0.85180  41192.3515554673    -20.988216   1513.7904475169       46.0427866176
    106  -0.85080  43182.1303397002    -20.961005   1586.9134425027       90.5239226191
    116  -0.84980  30010.3180038560    -20.933793   1102.8584435149      126.4530499703
    126  -0.84880  26330.6183667731    -20.906582    967.6320252599      153.3850155395
    136  -0.84780  27678.2704476586    -20.879370   1017.1573077355      180.6688776612
    146  -0.84680  26930.4225517812    -20.852159    989.6744144744      207.8003695044
    156  -0.84580  33603.3973867397    -20.824948   1234.9016273000      237.4783627322
    166  -0.84480  45643.4696882839    -20.797736   1677.3659622858      278.0052542903
    176  -0.84380  45689.6281068655    -20.770525   1679.0622522639      325.0262646531
    186  -0.84280  37157.9368480342    -20.743313   1365.5284956055      365.8893834268
    196  -0.84180  36768.7718649143    -20.716102   1351.2269514666      401.9333570532
    206  -0.84080  41360.5951442557    -20.688891   1519.9732831149      441.4678977024
    216  -0.83980  36048.1467168150    -20.661679   1324.7444753699      480.9963519461
    226  -0.83880  28366.5163034294    -20.634468   1042.4498672197      511.8780110083
    236  -0.83780  37204.6160438527    -20.607256   1367.2439237872      543.9477239903
    246  -0.83680  43029.0354125086    -20.580045   1581.2873097476      586.0075893497
    256  -0.83580  26476.7086904390    -20.552834    973.0007436770      621.3481608926
    266  -0.83480   7632.4764218822    -20.525622    280.4882329377      636.5827209664
    276  -0.83380    962.0896978101    -20.498411     35.3561313983      639.7019109492
    286  -0.83280     50.3923069489    -20.471199      1.8518824492      639.9885359386
    296  -0.83180      1.0573086928    -20.443988      0.0388553636      639.9998157112
    306  -0.83080      0.0086640016    -20.416777      0.0003183961      639.9999988059
    316  -0.82980      0.0000272585    -20.389565      0.0000010017      639.9999999969
    326  -0.82880      0.0000000326    -20.362354      0.0000000012      639.9999999999
    336  -0.82780      0.0000000000    -20.335142      0.0000000000      639.9999999999
    346  -0.82680      0.0000000000    -20.307931      0.0000000000      639.9999999999
    356  -0.82580      0.0000000000    -20.280720      0.0000000000      639.9999999999
    366  -0.82480      0.0000000000    -20.253508      0.0000000000      639.9999999999
    376  -0.82380      0.0000000000    -20.226297      0.0000000000      639.9999999999
    386  -0.82280      0.0000000000    -20.199086      0.0000000000      639.9999999999
    396  -0.82180      0.0000000000    -20.171874      0.0000000000      639.9999999999
    406  -0.82080      0.0000000000    -20.144663      0.0000000000      639.9999999999
    416  -0.81980      0.0000000000    -20.117451      0.0000000000      639.9999999999
    426  -0.81880      0.0000000000    -20.090240      0.0000000000      639.9999999999
    436  -0.81780      0.0000000000    -20.063029      0.0000000000      639.9999999999
    446  -0.81680      0.0000000000    -20.035817      0.0000000000      639.9999999999
    456  -0.81580      0.0000000000    -20.008606      0.0000000000      639.9999999999
    466  -0.81480      0.0000000000    -19.981394      0.0000000000      639.9999999999
    476  -0.81380      0.0000000000    -19.954183      0.0000000000      639.9999999999
    486  -0.81280      0.0000000000    -19.926972      0.0000000000      639.9999999999
    496  -0.81180      0.0000000000    -19.899760      0.0000000000      639.9999999999
    506  -0.81080      0.0000000000    -19.872549      0.0000000000      639.9999999999
    516  -0.80980      0.0000000000    -19.845337      0.0000000000      639.9999999999
    526  -0.80880      0.0000000000    -19.818126      0.0000000000      639.9999999999
    536  -0.80780      0.0000000000    -19.790915      0.0000000000      639.9999999999
    546  -0.80680      0.0000000000    -19.763703      0.0000000000      639.9999999999
    556  -0.80580      0.0000000000    -19.736492      0.0000000000      639.9999999999
    566  -0.80480      0.0000000000    -19.709280      0.0000000000      639.9999999999
    576  -0.80380      0.0000000000    -19.682069      0.0000000000      639.9999999999
    586  -0.80280      0.0000000000    -19.654858      0.0000000000      639.9999999999
    596  -0.80180      0.0000000000    -19.627646      0.0000000000      639.9999999999
    606  -0.80080      0.0000000000    -19.600435      0.0000000000      639.9999999999
    616  -0.79980      0.0000000000    -19.573223      0.0000000000      639.9999999999
    626  -0.79880      0.0000000000    -19.546012      0.0000000000      639.9999999999
    636  -0.79780      0.0000000000    -19.518801      0.0000000000      639.9999999999
    646  -0.79680      0.0000000000    -19.491589      0.0000000000      639.9999999999
    656  -0.79580      0.0000000000    -19.464378      0.0000000000      639.9999999999
    666  -0.79480      0.0000000000    -19.437166      0.0000000000      639.9999999999
    676  -0.79380      0.0000000000    -19.409955      0.0000000000      639.9999999999
    686  -0.79280      0.0000000000    -19.382744      0.0000000000      639.9999999999
    696  -0.79180      0.0000000000    -19.355532      0.0000000000      639.9999999999
    706  -0.79080      0.0000000000    -19.328321      0.0000000000      639.9999999999
    716  -0.78980      0.0000000000    -19.301109      0.0000000000      639.9999999999
    726  -0.78880      0.0000000000    -19.273898      0.0000000000      639.9999999999
    736  -0.78780      0.0000000000    -19.246687      0.0000000000      639.9999999999
    746  -0.78680      0.0000000000    -19.219475      0.0000000000      639.9999999999
    756  -0.78580      0.0000000000    -19.192264      0.0000000000      639.9999999999
    766  -0.78480      0.0000000000    -19.165052      0.0000000000      639.9999999999
    776  -0.78380      0.0000000000    -19.137841      0.0000000000      639.9999999999
    786  -0.78280      0.0000000000    -19.110630      0.0000000000      639.9999999999
    796  -0.78180      0.0000000000    -19.083418      0.0000000000      639.9999999999
    806  -0.78080      0.0000000000    -19.056207      0.0000000000      639.9999999999
    816  -0.77980      0.0000000000    -19.028995      0.0000000000      639.9999999999
    826  -0.77880      0.0000000000    -19.001784      0.0000000000      639.9999999999
    836  -0.77780      0.0000000000    -18.974573      0.0000000000      639.9999999999
    846  -0.77680      0.0000000000    -18.947361      0.0000000000      639.9999999999
    856  -0.77580      0.0000000000    -18.920150      0.0000000000      639.9999999999
    866  -0.77480      0.0000000000    -18.892938      0.0000000000      639.9999999999
    876  -0.77380      0.0000000000    -18.865727      0.0000000000      639.9999999999
    886  -0.77280      0.0000000000    -18.838516      0.0000000000      639.9999999999
    896  -0.77180      0.0000000000    -18.811304      0.0000000000      639.9999999999
    906  -0.77080      0.0000000000    -18.784093      0.0000000000      639.9999999999
    916  -0.76980      0.0000000000    -18.756882      0.0000000000      639.9999999999
    926  -0.76880      0.0000000000    -18.729670      0.0000000000      639.9999999999
    936  -0.76780      0.0000000000    -18.702459      0.0000000000      639.9999999999
    946  -0.76680      0.0000000000    -18.675247      0.0000000000      639.9999999999
    956  -0.76580      0.0000000000    -18.648036      0.0000000000      639.9999999999
    966  -0.76480      0.0000000000    -18.620825      0.0000000000      639.9999999999
    976  -0.76380      0.0000000000    -18.593613      0.0000000000      639.9999999999
    986  -0.76280      0.0000000000    -18.566402      0.0000000000      639.9999999999
    996  -0.76180      0.0000000000    -18.539190      0.0000000000      639.9999999999
   1006  -0.76080      0.0000000000    -18.511979      0.0000000000      639.9999999999
   1016  -0.75980      0.0000000000    -18.484768      0.0000000000      639.9999999999
   1026  -0.75880      0.0000000000    -18.457556      0.0000000000      639.9999999999
   1036  -0.75780      0.0000000000    -18.430345      0.0000000000      639.9999999999
   1046  -0.75680      0.0000000000    -18.403133      0.0000000000      639.9999999999
   1056  -0.75580      0.0000000000    -18.375922      0.0000000000      639.9999999999
   1066  -0.75480      0.0000000000    -18.348711      0.0000000000      639.9999999999
   1076  -0.75380      0.0000000000    -18.321499      0.0000000000      639.9999999999
   1086  -0.75280      0.0000000000    -18.294288      0.0000000000      639.9999999999
   1096  -0.75180      0.0000000000    -18.267076      0.0000000000      639.9999999999
   1106  -0.75080      0.0000000000    -18.239865      0.0000000000      639.9999999999
   1116  -0.74980      0.0000000000    -18.212654      0.0000000000      639.9999999999
   1126  -0.74880      0.0000000000    -18.185442      0.0000000000      639.9999999999
   1136  -0.74780      0.0000000000    -18.158231      0.0000000000      639.9999999999
   1146  -0.74680      0.0000000000    -18.131019      0.0000000000      639.9999999999
   1156  -0.74580      0.0000000000    -18.103808      0.0000000000      639.9999999999
   1166  -0.74480      0.0000000000    -18.076597      0.0000000000      639.9999999999
   1176  -0.74380      0.0000000000    -18.049385      0.0000000000      639.9999999999
   1186  -0.74280      0.0000000000    -18.022174      0.0000000000      639.9999999999
   1196  -0.74180      0.0000000000    -17.994962      0.0000000000      639.9999999999
   1206  -0.74080      0.0000000000    -17.967751      0.0000000000      639.9999999999
   1216  -0.73980      0.0000000000    -17.940540      0.0000000000      639.9999999999
   1226  -0.73880      0.0000000000    -17.913328      0.0000000000      639.9999999999
   1236  -0.73780      0.0000000000    -17.886117      0.0000000000      639.9999999999
   1246  -0.73680      0.0000000000    -17.858905      0.0000000000      639.9999999999
   1256  -0.73580      0.0000000000    -17.831694      0.0000000000      639.9999999999
   1266  -0.73480      0.0000000000    -17.804483      0.0000000000      639.9999999999
   1276  -0.73380      0.0000000000    -17.777271      0.0000000000      639.9999999999
   1286  -0.73280      0.0000000000    -17.750060      0.0000000000      639.9999999999
   1296  -0.73180      0.0000000000    -17.722848      0.0000000000      639.9999999999
   1306  -0.73080      0.0000000000    -17.695637      0.0000000000      639.9999999999
   1316  -0.72980      0.0000000000    -17.668426      0.0000000000      639.9999999999
   1326  -0.72880      0.0000000000    -17.641214      0.0000000000      639.9999999999
   1336  -0.72780      0.0000000000    -17.614003      0.0000000000      639.9999999999
   1346  -0.72680      0.0000000000    -17.586791      0.0000000000      639.9999999999
   1356  -0.72580      0.0000000000    -17.559580      0.0000000000      639.9999999999
   1366  -0.72480      0.0000000000    -17.532369      0.0000000000      639.9999999999
   1376  -0.72380      0.0000000000    -17.505157      0.0000000000      639.9999999999
   1386  -0.72280      0.0000000000    -17.477946      0.0000000000      639.9999999999
   1396  -0.72180      0.0000000000    -17.450735      0.0000000000      639.9999999999
   1406  -0.72080      0.0000000000    -17.423523      0.0000000000      639.9999999999
   1416  -0.71980      0.0000000000    -17.396312      0.0000000000      639.9999999999
   1426  -0.71880      0.0000000000    -17.369100      0.0000000000      639.9999999999
   1436  -0.71780      0.0000000000    -17.341889      0.0000000000      639.9999999999
   1446  -0.71680      0.0000000000    -17.314678      0.0000000000      639.9999999999
   1456  -0.71580      0.0000000000    -17.287466      0.0000000000      639.9999999999
   1466  -0.71480      0.0000000000    -17.260255      0.0000000000      639.9999999999
   1476  -0.71380      0.0000000000    -17.233043      0.0000000000      639.9999999999
   1486  -0.71280      0.0000000000    -17.205832      0.0000000000      639.9999999999
   1496  -0.71180      0.0000000000    -17.178621      0.0000000000      639.9999999999
   1506  -0.71080      0.0000000000    -17.151409      0.0000000000      639.9999999999
   1516  -0.70980      0.0000000000    -17.124198      0.0000000000      639.9999999999
   1526  -0.70880      0.0000000000    -17.096986      0.0000000000      639.9999999999
   1536  -0.70780      0.0000000000    -17.069775      0.0000000000      639.9999999999
   1546  -0.70680      0.0000000000    -17.042564      0.0000000000      639.9999999999
   1556  -0.70580      0.0000000000    -17.015352      0.0000000000      639.9999999999
   1566  -0.70480      0.0000000000    -16.988141      0.0000000000      639.9999999999
   1576  -0.70380      0.0000000000    -16.960929      0.0000000000      639.9999999999
   1586  -0.70280      0.0000000000    -16.933718      0.0000000000      639.9999999999
   1596  -0.70180      0.0000000000    -16.906507      0.0000000000      639.9999999999
   1606  -0.70080      0.0000000000    -16.879295      0.0000000000      639.9999999999
   1616  -0.69980      0.0000000000    -16.852084      0.0000000000      639.9999999999
   1626  -0.69880      0.0000000000    -16.824872      0.0000000000      639.9999999999
   1636  -0.69780      0.0000000000    -16.797661      0.0000000000      639.9999999999
   1646  -0.69680      0.0000000000    -16.770450      0.0000000000      639.9999999999
   1656  -0.69580      0.0000000000    -16.743238      0.0000000000      639.9999999999
   1666  -0.69480      0.0000000000    -16.716027      0.0000000000      639.9999999999
   1676  -0.69380      0.0000000000    -16.688815      0.0000000000      639.9999999999
   1686  -0.69280      0.0000000000    -16.661604      0.0000000000      639.9999999999
   1696  -0.69180      0.0000000000    -16.634393      0.0000000000      639.9999999999
   1706  -0.69080      0.0000000000    -16.607181      0.0000000000      639.9999999999
   1716  -0.68980      0.0000000000    -16.579970      0.0000000000      639.9999999999
   1726  -0.68880      0.0000000000    -16.552758      0.0000000000      639.9999999999
   1736  -0.68780      0.0000000000    -16.525547      0.0000000000      639.9999999999
   1746  -0.68680      0.0000000000    -16.498336      0.0000000000      639.9999999999
   1756  -0.68580      0.0000000000    -16.471124      0.0000000000      639.9999999999
   1766  -0.68480      0.0000000000    -16.443913      0.0000000000      639.9999999999
   1776  -0.68380      0.0000000000    -16.416701      0.0000000000      639.9999999999
   1786  -0.68280      0.0000000000    -16.389490      0.0000000000      639.9999999999
   1796  -0.68180      0.0000000000    -16.362279      0.0000000000      639.9999999999
   1806  -0.68080      0.0000000000    -16.335067      0.0000000000      639.9999999999
   1816  -0.67980      0.0000000000    -16.307856      0.0000000000      639.9999999999
   1826  -0.67880      0.0000000000    -16.280644      0.0000000000      639.9999999999
   1836  -0.67780      0.0000000000    -16.253433      0.0000000000      639.9999999999
   1846  -0.67680      0.0000000000    -16.226222      0.0000000000      639.9999999999
   1856  -0.67580      0.0000000000    -16.199010      0.0000000000      639.9999999999
   1866  -0.67480      0.0000000000    -16.171799      0.0000000000      639.9999999999
   1876  -0.67380      0.0000000000    -16.144587      0.0000000000      639.9999999999
   1886  -0.67280      0.0000000000    -16.117376      0.0000000000      639.9999999999
   1896  -0.67180      0.0000000000    -16.090165      0.0000000000      639.9999999999
   1906  -0.67080      0.0000000000    -16.062953      0.0000000000      639.9999999999
   1916  -0.66980      0.0000000000    -16.035742      0.0000000000      639.9999999999
   1926  -0.66880      0.0000000000    -16.008531      0.0000000000      639.9999999999
   1936  -0.66780      0.0000000000    -15.981319      0.0000000000      639.9999999999
   1946  -0.66680      0.0000000000    -15.954108      0.0000000000      639.9999999999
   1956  -0.66580      0.0000000000    -15.926896      0.0000000000      639.9999999999
   1966  -0.66480      0.0000000000    -15.899685      0.0000000000      639.9999999999
   1976  -0.66380      0.0000000000    -15.872474      0.0000000000      639.9999999999
   1986  -0.66280      0.0000000000    -15.845262      0.0000000000      639.9999999999
   1996  -0.66180      0.0000000000    -15.818051      0.0000000000      639.9999999999
   2006  -0.66080      0.0000000000    -15.790839      0.0000000000      639.9999999999
   2016  -0.65980      0.0000000000    -15.763628      0.0000000000      639.9999999999
   2026  -0.65880      0.0000000000    -15.736417      0.0000000000      639.9999999999
   2036  -0.65780      0.0000000000    -15.709205      0.0000000000      639.9999999999
   2046  -0.65680      0.0000000000    -15.681994      0.0000000000      639.9999999999
   2056  -0.65580      0.0000000000    -15.654782      0.0000000000      639.9999999999
   2066  -0.65480      0.0000000000    -15.627571      0.0000000000      639.9999999999
   2076  -0.65380      0.0000000000    -15.600360      0.0000000000      639.9999999999
   2086  -0.65280      0.0000000000    -15.573148      0.0000000000      639.9999999999
   2096  -0.65180      0.0000000000    -15.545937      0.0000000000      639.9999999999
   2106  -0.65080      0.0000000000    -15.518725      0.0000000000      639.9999999999
   2116  -0.64980      0.0000000000    -15.491514      0.0000000000      639.9999999999
   2126  -0.64880      0.0000000000    -15.464303      0.0000000000      639.9999999999
   2136  -0.64780      0.0000000000    -15.437091      0.0000000000      639.9999999999
   2146  -0.64680      0.0000000000    -15.409880      0.0000000000      639.9999999999
   2156  -0.64580      0.0000000000    -15.382668      0.0000000000      639.9999999999
   2166  -0.64480      0.0000000000    -15.355457      0.0000000000      639.9999999999
   2176  -0.64380      0.0000000000    -15.328246      0.0000000000      639.9999999999
   2186  -0.64280      0.0000000000    -15.301034      0.0000000000      639.9999999999
   2196  -0.64180      0.0000000000    -15.273823      0.0000000000      639.9999999999
   2206  -0.64080      0.0000000000    -15.246611      0.0000000000      639.9999999999
   2216  -0.63980      0.0000000000    -15.219400      0.0000000000      639.9999999999
   2226  -0.63880      0.0000000000    -15.192189      0.0000000000      639.9999999999
   2236  -0.63780      0.0000000000    -15.164977      0.0000000000      639.9999999999
   2246  -0.63680      0.0000000000    -15.137766      0.0000000000      639.9999999999
   2256  -0.63580      0.0000000000    -15.110554      0.0000000000      639.9999999999
   2266  -0.63480      0.0000000000    -15.083343      0.0000000000      639.9999999999
   2276  -0.63380      0.0000000000    -15.056132      0.0000000000      639.9999999999
   2286  -0.63280      0.0000000000    -15.028920      0.0000000000      639.9999999999
   2296  -0.63180      0.0000000000    -15.001709      0.0000000000      639.9999999999
   2306  -0.63080      0.0000000000    -14.974497      0.0000000000      639.9999999999
   2316  -0.62980      0.0000000000    -14.947286      0.0000000000      639.9999999999
   2326  -0.62880      0.0000000000    -14.920075      0.0000000000      639.9999999999
   2336  -0.62780      0.0000000000    -14.892863      0.0000000000      639.9999999999
   2346  -0.62680      0.0000000000    -14.865652      0.0000000000      639.9999999999
   2356  -0.62580      0.0000000000    -14.838440      0.0000000000      639.9999999999
   2366  -0.62480      0.0000000000    -14.811229      0.0000000000      639.9999999999
   2376  -0.62380      0.0000000000    -14.784018      0.0000000000      639.9999999999
   2386  -0.62280      0.0000000000    -14.756806      0.0000000000      639.9999999999
   2396  -0.62180      0.0000000000    -14.729595      0.0000000000      639.9999999999
   2406  -0.62080      0.0000000000    -14.702383      0.0000000000      639.9999999999
   2416  -0.61980      0.0000000000    -14.675172      0.0000000000      639.9999999999
   2426  -0.61880      0.0000000000    -14.647961      0.0000000000      639.9999999999
   2436  -0.61780      0.0000000000    -14.620749      0.0000000000      639.9999999999
   2446  -0.61680      0.0000000000    -14.593538      0.0000000000      639.9999999999
   2456  -0.61580      0.0000000000    -14.566327      0.0000000000      639.9999999999
   2466  -0.61480      0.0000000000    -14.539115      0.0000000000      639.9999999999
   2476  -0.61380      0.0000000000    -14.511904      0.0000000000      639.9999999999
   2486  -0.61280      0.0000000000    -14.484692      0.0000000000      639.9999999999
   2496  -0.61180      0.0000000000    -14.457481      0.0000000000      639.9999999999
   2506  -0.61080      0.0000000000    -14.430270      0.0000000000      639.9999999999
   2516  -0.60980      0.0000000000    -14.403058      0.0000000000      639.9999999999
   2526  -0.60880      0.0000000000    -14.375847      0.0000000000      639.9999999999
   2536  -0.60780      0.0000000000    -14.348635      0.0000000000      639.9999999999
   2546  -0.60680      0.0000000000    -14.321424      0.0000000000      639.9999999999
   2556  -0.60580      0.0000000000    -14.294213      0.0000000000      639.9999999999
   2566  -0.60480      0.0000000000    -14.267001      0.0000000000      639.9999999999
   2576  -0.60380      0.0000000000    -14.239790      0.0000000000      639.9999999999
   2586  -0.60280      0.0000000000    -14.212578      0.0000000000      639.9999999999
   2596  -0.60180      0.0000000000    -14.185367      0.0000000000      639.9999999999
   2606  -0.60080      0.0000000000    -14.158156      0.0000000000      639.9999999999
   2616  -0.59980      0.0000000000    -14.130944      0.0000000000      639.9999999999
   2626  -0.59880      0.0000000000    -14.103733      0.0000000000      639.9999999999
   2636  -0.59780      0.0000000000    -14.076521      0.0000000000      639.9999999999
   2646  -0.59680      0.0000000000    -14.049310      0.0000000000      639.9999999999
   2656  -0.59580      0.0000000000    -14.022099      0.0000000000      639.9999999999
   2666  -0.59480      0.0000000000    -13.994887      0.0000000000      639.9999999999
   2676  -0.59380      0.0000000000    -13.967676      0.0000000000      639.9999999999
   2686  -0.59280      0.0000000000    -13.940464      0.0000000000      639.9999999999
   2696  -0.59180      0.0000000000    -13.913253      0.0000000000      639.9999999999
   2706  -0.59080      0.0000000000    -13.886042      0.0000000000      639.9999999999
   2716  -0.58980      0.0000000000    -13.858830      0.0000000000      639.9999999999
   2726  -0.58880      0.0000000000    -13.831619      0.0000000000      639.9999999999
   2736  -0.58780      0.0000000000    -13.804407      0.0000000000      639.9999999999
   2746  -0.58680      0.0000000000    -13.777196      0.0000000000      639.9999999999
   2756  -0.58580      0.0000000000    -13.749985      0.0000000000      639.9999999999
   2766  -0.58480      0.0000000000    -13.722773      0.0000000000      639.9999999999
   2776  -0.58380      0.0000000000    -13.695562      0.0000000000      639.9999999999
   2786  -0.58280      0.0000000000    -13.668350      0.0000000000      639.9999999999
   2796  -0.58180      0.0000000000    -13.641139      0.0000000000      639.9999999999
   2806  -0.58080      0.0000000000    -13.613928      0.0000000000      639.9999999999
   2816  -0.57980      0.0000000000    -13.586716      0.0000000000      639.9999999999
   2826  -0.57880      0.0000000000    -13.559505      0.0000000000      639.9999999999
   2836  -0.57780      0.0000000000    -13.532293      0.0000000000      639.9999999999
   2846  -0.57680      0.0000000000    -13.505082      0.0000000000      639.9999999999
   2856  -0.57580      0.0000000000    -13.477871      0.0000000000      639.9999999999
   2866  -0.57480      0.0000000000    -13.450659      0.0000000000      639.9999999999
   2876  -0.57380      0.0000000000    -13.423448      0.0000000000      639.9999999999
   2886  -0.57280      0.0000000000    -13.396236      0.0000000000      639.9999999999
   2896  -0.57180      0.0000000000    -13.369025      0.0000000000      639.9999999999
   2906  -0.57080      0.0000000000    -13.341814      0.0000000000      639.9999999999
   2916  -0.56980      0.0000000000    -13.314602      0.0000000000      639.9999999999
   2926  -0.56880      0.0000000000    -13.287391      0.0000000000      639.9999999999
   2936  -0.56780      0.0000000000    -13.260179      0.0000000000      639.9999999999
   2946  -0.56680      0.0000000000    -13.232968      0.0000000000      639.9999999999
   2956  -0.56580      0.0000000000    -13.205757      0.0000000000      639.9999999999
   2966  -0.56480      0.0000000000    -13.178545      0.0000000000      639.9999999999
   2976  -0.56380      0.0000000000    -13.151334      0.0000000000      639.9999999999
   2986  -0.56280      0.0000000000    -13.124123      0.0000000000      639.9999999999
   2996  -0.56180      0.0000000000    -13.096911      0.0000000000      639.9999999999
   3006  -0.56080      0.0000000000    -13.069700      0.0000000000      639.9999999999
   3016  -0.55980      0.0000000000    -13.042488      0.0000000000      639.9999999999
   3026  -0.55880      0.0000000000    -13.015277      0.0000000000      639.9999999999
   3036  -0.55780      0.0000000000    -12.988066      0.0000000000      639.9999999999
   3046  -0.55680      0.0000000000    -12.960854      0.0000000000      639.9999999999
   3056  -0.55580      0.0000000000    -12.933643      0.0000000000      639.9999999999
   3066  -0.55480      0.0000000000    -12.906431      0.0000000000      639.9999999999
   3076  -0.55380      0.0000000000    -12.879220      0.0000000000      639.9999999999
   3086  -0.55280      0.0000000000    -12.852009      0.0000000000      639.9999999999
   3096  -0.55180      0.0000000000    -12.824797      0.0000000000      639.9999999999
   3106  -0.55080      0.0000000000    -12.797586      0.0000000000      639.9999999999
   3116  -0.54980      0.0000000000    -12.770374      0.0000000000      639.9999999999
   3126  -0.54880      0.0000000000    -12.743163      0.0000000000      639.9999999999
   3136  -0.54780      0.0000000000    -12.715952      0.0000000000      639.9999999999
   3146  -0.54680      0.0000000000    -12.688740      0.0000000000      639.9999999999
   3156  -0.54580      0.0000000000    -12.661529      0.0000000000      639.9999999999
   3166  -0.54480      0.0000000000    -12.634317      0.0000000000      639.9999999999
   3176  -0.54380      0.0000000000    -12.607106      0.0000000000      639.9999999999
   3186  -0.54280      0.0000000000    -12.579895      0.0000000000      639.9999999999
   3196  -0.54180      0.0000000000    -12.552683      0.0000000000      639.9999999999
   3206  -0.54080      0.0000000000    -12.525472      0.0000000000      639.9999999999
   3216  -0.53980      0.0000000000    -12.498260      0.0000000000      639.9999999999
   3226  -0.53880      0.0000000000    -12.471049      0.0000000000      639.9999999999
   3236  -0.53780      0.0000000000    -12.443838      0.0000000000      639.9999999999
   3246  -0.53680      0.0000000000    -12.416626      0.0000000000      639.9999999999
   3256  -0.53580      0.0000000000    -12.389415      0.0000000000      639.9999999999
   3266  -0.53480      0.0000000000    -12.362203      0.0000000000      639.9999999999
   3276  -0.53380      0.0000000000    -12.334992      0.0000000000      639.9999999999
   3286  -0.53280      0.0000000000    -12.307781      0.0000000000      639.9999999999
   3296  -0.53180      0.0000000000    -12.280569      0.0000000000      639.9999999999
   3306  -0.53080      0.0000000000    -12.253358      0.0000000000      639.9999999999
   3316  -0.52980      0.0000000000    -12.226146      0.0000000000      639.9999999999
   3326  -0.52880      0.0000000000    -12.198935      0.0000000000      639.9999999999
   3336  -0.52780      0.0000000000    -12.171724      0.0000000000      639.9999999999
   3346  -0.52680      0.0000000000    -12.144512      0.0000000000      639.9999999999
   3356  -0.52580      0.0000000000    -12.117301      0.0000000000      639.9999999999
   3366  -0.52480      0.0000000000    -12.090089      0.0000000000      639.9999999999
   3376  -0.52380      0.0000000000    -12.062878      0.0000000000      639.9999999999
   3386  -0.52280      0.0000000000    -12.035667      0.0000000000      639.9999999999
   3396  -0.52180      0.0000000000    -12.008455      0.0000000000      639.9999999999
   3406  -0.52080      0.0000000000    -11.981244      0.0000000000      639.9999999999
   3416  -0.51980      0.0000000000    -11.954032      0.0000000000      639.9999999999
   3426  -0.51880      0.0000000000    -11.926821      0.0000000000      639.9999999999
   3436  -0.51780      0.0000000000    -11.899610      0.0000000000      639.9999999999
   3446  -0.51680      0.0000000000    -11.872398      0.0000000000      639.9999999999
   3456  -0.51580      0.0000000000    -11.845187      0.0000000000      639.9999999999
   3466  -0.51480      0.0000000000    -11.817975      0.0000000000      639.9999999999
   3476  -0.51380      0.0000000000    -11.790764      0.0000000000      639.9999999999
   3486  -0.51280      0.0000000000    -11.763553      0.0000000000      639.9999999999
   3496  -0.51180      0.0000000000    -11.736341      0.0000000000      639.9999999999
   3506  -0.51080      0.0000000000    -11.709130      0.0000000000      639.9999999999
   3516  -0.50980      0.0000000000    -11.681919      0.0000000000      639.9999999999
   3526  -0.50880      0.0000000000    -11.654707      0.0000000000      639.9999999999
   3536  -0.50780      0.0000000000    -11.627496      0.0000000000      639.9999999999
   3546  -0.50680      0.0000000000    -11.600284      0.0000000000      639.9999999999
   3556  -0.50580      0.0000000000    -11.573073      0.0000000000      639.9999999999
   3566  -0.50480      0.0000000000    -11.545862      0.0000000000      639.9999999999
   3576  -0.50380      0.0000000000    -11.518650      0.0000000000      639.9999999999
   3586  -0.50280      0.0000000000    -11.491439      0.0000000000      639.9999999999
   3596  -0.50180      0.0000000000    -11.464227      0.0000000000      639.9999999999
   3606  -0.50080      0.0000000000    -11.437016      0.0000000000      639.9999999999
   3616  -0.49980      0.0000000000    -11.409805      0.0000000000      639.9999999999
   3626  -0.49880      0.0000000000    -11.382593      0.0000000000      639.9999999999
   3636  -0.49780      0.0000000000    -11.355382      0.0000000000      639.9999999999
   3646  -0.49680      0.0000000000    -11.328170      0.0000000000      639.9999999999
   3656  -0.49580      0.0000000000    -11.300959      0.0000000000      639.9999999999
   3666  -0.49480      0.0000000000    -11.273748      0.0000000000      639.9999999999
   3676  -0.49380      0.0000000000    -11.246536      0.0000000000      639.9999999999
   3686  -0.49280      0.0000000000    -11.219325      0.0000000000      639.9999999999
   3696  -0.49180      0.0000000000    -11.192113      0.0000000000      639.9999999999
   3706  -0.49080      0.0000000000    -11.164902      0.0000000000      639.9999999999
   3716  -0.48980      0.0000000000    -11.137691      0.0000000000      639.9999999999
   3726  -0.48880      0.0000000000    -11.110479      0.0000000000      639.9999999999
   3736  -0.48780      0.0000000000    -11.083268      0.0000000000      639.9999999999
   3746  -0.48680      0.0000000000    -11.056056      0.0000000000      639.9999999999
   3756  -0.48580      0.0000000000    -11.028845      0.0000000000      639.9999999999
   3766  -0.48480      0.0000000000    -11.001634      0.0000000000      639.9999999999
   3776  -0.48380      0.0000000000    -10.974422      0.0000000000      639.9999999999
   3786  -0.48280      0.0000000000    -10.947211      0.0000000000      639.9999999999
   3796  -0.48180      0.0000000000    -10.919999      0.0000000000      639.9999999999
   3806  -0.48080      0.0000000000    -10.892788      0.0000000000      639.9999999999
   3816  -0.47980      0.0000000000    -10.865577      0.0000000000      639.9999999999
   3826  -0.47880      0.0000000000    -10.838365      0.0000000000      639.9999999999
   3836  -0.47780      0.0000000000    -10.811154      0.0000000000      639.9999999999
   3846  -0.47680      0.0000000000    -10.783942      0.0000000000      639.9999999999
   3856  -0.47580      0.0000000000    -10.756731      0.0000000000      639.9999999999
   3866  -0.47480      0.0000000000    -10.729520      0.0000000000      639.9999999999
   3876  -0.47380      0.0000000000    -10.702308      0.0000000000      639.9999999999
   3886  -0.47280      0.0000000000    -10.675097      0.0000000000      639.9999999999
   3896  -0.47180      0.0000000000    -10.647885      0.0000000000      639.9999999999
   3906  -0.47080      0.0000000000    -10.620674      0.0000000000      639.9999999999
   3916  -0.46980      0.0000000000    -10.593463      0.0000000000      639.9999999999
   3926  -0.46880      0.0000000000    -10.566251      0.0000000000      639.9999999999
   3936  -0.46780      0.0000000000    -10.539040      0.0000000000      639.9999999999
   3946  -0.46680      0.0000000000    -10.511828      0.0000000000      639.9999999999
   3956  -0.46580      0.0000000000    -10.484617      0.0000000000      639.9999999999
   3966  -0.46480      0.0000000000    -10.457406      0.0000000000      639.9999999999
   3976  -0.46380      0.0000000000    -10.430194      0.0000000000      639.9999999999
   3986  -0.46280      0.0000000000    -10.402983      0.0000000000      639.9999999999
   3996  -0.46180      0.0000000000    -10.375772      0.0000000000      639.9999999999
   4006  -0.46080      0.0000000000    -10.348560      0.0000000000      639.9999999999
   4016  -0.45980      0.0000000000    -10.321349      0.0000000000      639.9999999999
   4026  -0.45880      0.0000000000    -10.294137      0.0000000000      639.9999999999
   4036  -0.45780      0.0000000000    -10.266926      0.0000000000      639.9999999999
   4046  -0.45680      0.0000000000    -10.239715      0.0000000000      639.9999999999
   4056  -0.45580      0.0000000000    -10.212503      0.0000000000      639.9999999999
   4066  -0.45480      0.0000000000    -10.185292      0.0000000000      639.9999999999
   4076  -0.45380      0.0000000000    -10.158080      0.0000000000      639.9999999999
   4086  -0.45280      0.0000000000    -10.130869      0.0000000000      639.9999999999
   4096  -0.45180      0.0000000000    -10.103658      0.0000000000      639.9999999999
   4106  -0.45080      0.0000000000    -10.076446      0.0000000000      639.9999999999
   4116  -0.44980      0.0000000000    -10.049235      0.0000000000      639.9999999999
   4126  -0.44880      0.0000000000    -10.022023      0.0000000000      639.9999999999
   4136  -0.44780      0.0000000000     -9.994812      0.0000000000      639.9999999999
   4146  -0.44680      0.0000000000     -9.967601      0.0000000000      639.9999999999
   4156  -0.44580      0.0000000000     -9.940389      0.0000000000      639.9999999999
   4166  -0.44480      0.0000000000     -9.913178      0.0000000000      639.9999999999
   4176  -0.44380      0.0000000000     -9.885966      0.0000000000      639.9999999999
   4186  -0.44280      0.0000000000     -9.858755      0.0000000000      639.9999999999
   4196  -0.44180      0.0000000000     -9.831544      0.0000000000      639.9999999999
   4206  -0.44080      0.0000000000     -9.804332      0.0000000000      639.9999999999
   4216  -0.43980      0.0000000000     -9.777121      0.0000000000      639.9999999999
   4226  -0.43880      0.0000000000     -9.749909      0.0000000000      639.9999999999
   4236  -0.43780      0.0000000000     -9.722698      0.0000000000      639.9999999999
   4246  -0.43680      0.0000000000     -9.695487      0.0000000000      639.9999999999
   4256  -0.43580      0.0000000000     -9.668275      0.0000000000      639.9999999999
   4266  -0.43480      0.0000000000     -9.641064      0.0000000000      639.9999999999
   4276  -0.43380      0.0000000000     -9.613852      0.0000000000      639.9999999999
   4286  -0.43280      0.0000000000     -9.586641      0.0000000000      639.9999999999
   4296  -0.43180      0.0000000000     -9.559430      0.0000000000      639.9999999999
   4306  -0.43080      0.0000000000     -9.532218      0.0000000000      639.9999999999
   4316  -0.42980      0.0000000000     -9.505007      0.0000000000      639.9999999999
   4326  -0.42880      0.0000000000     -9.477795      0.0000000000      639.9999999999
   4336  -0.42780      0.0000000000     -9.450584      0.0000000000      639.9999999999
   4346  -0.42680      0.0000000000     -9.423373      0.0000000000      639.9999999999
   4356  -0.42580      0.0000000000     -9.396161      0.0000000000      639.9999999999
   4366  -0.42480      0.0000000000     -9.368950      0.0000000000      639.9999999999
   4376  -0.42380      0.0000000000     -9.341738      0.0000000000      639.9999999999
   4386  -0.42280      0.0000000000     -9.314527      0.0000000000      639.9999999999
   4396  -0.42180      0.0000000000     -9.287316      0.0000000000      639.9999999999
   4406  -0.42080      0.0000000000     -9.260104      0.0000000000      639.9999999999
   4416  -0.41980      0.0000000000     -9.232893      0.0000000000      639.9999999999
   4426  -0.41880      0.0000000000     -9.205681      0.0000000000      639.9999999999
   4436  -0.41780      0.0000000002     -9.178470      0.0000000000      639.9999999999
   4446  -0.41680      0.0000003082     -9.151259      0.0000000113      640.0000000000
   4456  -0.41580      0.0001484732     -9.124047      0.0000054563      640.0000000334
   4466  -0.41480      0.0277665936     -9.096836      0.0010204031      640.0000071138
   4476  -0.41380      2.0325076016     -9.069624      0.0746932495      640.0006104019
   4486  -0.41280     58.7616654374     -9.042413      2.1594505888      640.0215983343
   4496  -0.41180    677.6353634518     -9.015202     24.9026312254      640.3250133102
   4506  -0.41080   3147.9481268433     -8.987990    115.6849178003      642.1807128702
   4516  -0.40980   5937.6775315731     -8.960779    218.2055451636      647.0566808526
   4526  -0.40880   4562.7832605116     -8.933568    167.6791310288      652.6127318279
   4536  -0.40780   1424.6580931580     -8.906356     52.3552002001      655.3603604515
   4546  -0.40680    179.2993921213     -8.879145      6.5891287287      655.9452174045
   4556  -0.40580      8.9967975023     -8.851933      0.3306260896      655.9979887859
   4566  -0.40480      0.1779683538     -8.824722      0.0065402140      655.9999694710
   4576  -0.40380      0.0013739589     -8.797511      0.0000504920      655.9999998130
   4586  -0.40280      0.0000041051     -8.770299      0.0000001509      655.9999999995
   4596  -0.40180      0.0000000047     -8.743088      0.0000000002      655.9999999999
   4606  -0.40080      0.0000000000     -8.715876      0.0000000000      655.9999999999
   4616  -0.39980      0.0000000000     -8.688665      0.0000000000      655.9999999999
   4626  -0.39880      0.0000000000     -8.661454      0.0000000000      655.9999999999
   4636  -0.39780      0.0000000000     -8.634242      0.0000000000      655.9999999999
   4646  -0.39680      0.0000000000     -8.607031      0.0000000000      655.9999999999
   4656  -0.39580      0.0000000000     -8.579819      0.0000000000      655.9999999999
   4666  -0.39480      0.0000000000     -8.552608      0.0000000000      655.9999999999
   4676  -0.39380      0.0000000000     -8.525397      0.0000000000      655.9999999999
   4686  -0.39280      0.0000000000     -8.498185      0.0000000000      655.9999999999
   4696  -0.39180      0.0000000000     -8.470974      0.0000000000      655.9999999999
   4706  -0.39080      0.0000000000     -8.443762      0.0000000000      655.9999999999
   4716  -0.38980      0.0000000000     -8.416551      0.0000000000      655.9999999999
   4726  -0.38880      0.0000000000     -8.389340      0.0000000000      655.9999999999
   4736  -0.38780      0.0000000000     -8.362128      0.0000000000      655.9999999999
   4746  -0.38680      0.0000000000     -8.334917      0.0000000000      655.9999999999
   4756  -0.38580      0.0000000000     -8.307705      0.0000000000      655.9999999999
   4766  -0.38480      0.0000000000     -8.280494      0.0000000000      655.9999999999
   4776  -0.38380      0.0000000000     -8.253283      0.0000000000      655.9999999999
   4786  -0.38280      0.0000000000     -8.226071      0.0000000000      655.9999999999
   4796  -0.38180      0.0000000000     -8.198860      0.0000000000      655.9999999999
   4806  -0.38080      0.0000000000     -8.171648      0.0000000000      655.9999999999
   4816  -0.37980      0.0000000000     -8.144437      0.0000000000      655.9999999999
   4826  -0.37880      0.0000000000     -8.117226      0.0000000000      655.9999999999
   4836  -0.37780      0.0000000000     -8.090014      0.0000000000      655.9999999999
   4846  -0.37680      0.0000000000     -8.062803      0.0000000000      655.9999999999
   4856  -0.37580      0.0000000000     -8.035591      0.0000000000      655.9999999999
   4866  -0.37480      0.0000000000     -8.008380      0.0000000000      655.9999999999
   4876  -0.37380      0.0000000000     -7.981169      0.0000000000      655.9999999999
   4886  -0.37280      0.0000000004     -7.953957      0.0000000000      655.9999999999
   4896  -0.37180      0.0000003944     -7.926746      0.0000000145      656.0000000000
   4906  -0.37080      0.0001498605     -7.899534      0.0000055073      656.0000000347
   4916  -0.36980      0.0222082299     -7.872323      0.0008161371      656.0000058925
   4926  -0.36880      1.3550737584     -7.845112      0.0497980240      656.0004196508
   4936  -0.36780     37.5166599980     -7.817900      1.3787113234      656.0137870168
   4946  -0.36680    521.5675173023     -7.790689     19.1672457535      656.2322169975
   4956  -0.36580   3673.8429562640     -7.763477    135.0111892831      658.1023618952
   4966  -0.36480  12125.4704615505     -7.736266    445.6026583388      666.0870757485
   4976  -0.36380  17507.1171142241     -7.709055    643.3744530313      682.0753133795
   4986  -0.36280  10816.5257547244     -7.681843    397.4998451053      696.6460462368
   4996  -0.36180   2923.9702673433     -7.654632    107.4538862771      702.6974245422
   5006  -0.36080    368.6981790898     -7.627420     13.5494032374      703.8792676185
   5016  -0.35980     23.1864528694     -7.600209      0.8520861165      703.9941084160
   5026  -0.35880      0.7172082192     -7.572998      0.0263569063      703.9998566868
   5036  -0.35780      0.0099395856     -7.545786      0.0003652729      703.9999984264
   5046  -0.35680      0.0000564555     -7.518575      0.0000020747      703.9999999927
   5056  -0.35580      0.0000001249     -7.491364      0.0000000046      703.9999999999
   5066  -0.35480      0.0000000001     -7.464152      0.0000000000      703.9999999999
   5076  -0.35380      0.0000000000     -7.436941      0.0000000000      703.9999999999
   5086  -0.35280      0.0000000000     -7.409729      0.0000000000      703.9999999999
   5096  -0.35180      0.0000000000     -7.382518      0.0000000000      703.9999999999
   5106  -0.35080      0.0000000000     -7.355307      0.0000000000      703.9999999999
   5116  -0.34980      0.0000000000     -7.328095      0.0000000000      703.9999999999
   5126  -0.34880      0.0000000000     -7.300884      0.0000000000      703.9999999999
   5136  -0.34780      0.0000000000     -7.273672      0.0000000000      703.9999999999
   5146  -0.34680      0.0000000000     -7.246461      0.0000000000      703.9999999999
   5156  -0.34580      0.0000000000     -7.219250      0.0000000000      703.9999999999
   5166  -0.34480      0.0000000000     -7.192038      0.0000000000      703.9999999999
   5176  -0.34380      0.0000000000     -7.164827      0.0000000000      703.9999999999
   5186  -0.34280      0.0000000000     -7.137615      0.0000000000      703.9999999999
   5196  -0.34180      0.0000000000     -7.110404      0.0000000000      703.9999999999
   5206  -0.34080      0.0000000000     -7.083193      0.0000000000      703.9999999999
   5216  -0.33980      0.0000000000     -7.055981      0.0000000000      703.9999999999
   5226  -0.33880      0.0000000000     -7.028770      0.0000000000      703.9999999999
   5236  -0.33780      0.0000000000     -7.001558      0.0000000000      703.9999999999
   5246  -0.33680      0.0000000000     -6.974347      0.0000000000      703.9999999999
   5256  -0.33580      0.0000000000     -6.947136      0.0000000000      703.9999999999
   5266  -0.33480      0.0000000000     -6.919924      0.0000000000      703.9999999999
   5276  -0.33380      0.0000000000     -6.892713      0.0000000000      703.9999999999
   5286  -0.33280      0.0000000000     -6.865501      0.0000000000      703.9999999999
   5296  -0.33180      0.0000000000     -6.838290      0.0000000000      703.9999999999
   5306  -0.33080      0.0000000000     -6.811079      0.0000000000      703.9999999999
   5316  -0.32980      0.0000000000     -6.783867      0.0000000000      703.9999999999
   5326  -0.32880      0.0000000000     -6.756656      0.0000000000      703.9999999999
   5336  -0.32780      0.0000000000     -6.729444      0.0000000000      703.9999999999
   5346  -0.32680      0.0000000000     -6.702233      0.0000000000      703.9999999999
   5356  -0.32580      0.0000000000     -6.675022      0.0000000000      703.9999999999
   5366  -0.32480      0.0000000000     -6.647810      0.0000000000      703.9999999999
   5376  -0.32380      0.0000000000     -6.620599      0.0000000000      703.9999999999
   5386  -0.32280      0.0000000000     -6.593387      0.0000000000      703.9999999999
   5396  -0.32180      0.0000000000     -6.566176      0.0000000000      703.9999999999
   5406  -0.32080      0.0000000000     -6.538965      0.0000000000      703.9999999999
   5416  -0.31980      0.0000000000     -6.511753      0.0000000000      703.9999999999
   5426  -0.31880      0.0000000000     -6.484542      0.0000000000      703.9999999999
   5436  -0.31780      0.0000000000     -6.457330      0.0000000000      703.9999999999
   5446  -0.31680      0.0000000000     -6.430119      0.0000000000      703.9999999999
   5456  -0.31580      0.0000000000     -6.402908      0.0000000000      703.9999999999
   5466  -0.31480      0.0000000000     -6.375696      0.0000000000      703.9999999999
   5476  -0.31380      0.0000000000     -6.348485      0.0000000000      703.9999999999
   5486  -0.31280      0.0000000000     -6.321273      0.0000000000      703.9999999999
   5496  -0.31180      0.0000000000     -6.294062      0.0000000000      703.9999999999
   5506  -0.31080      0.0000000000     -6.266851      0.0000000000      703.9999999999
   5516  -0.30980      0.0000000000     -6.239639      0.0000000000      703.9999999999
   5526  -0.30880      0.0000000000     -6.212428      0.0000000000      703.9999999999
   5536  -0.30780      0.0000000000     -6.185216      0.0000000000      703.9999999999
   5546  -0.30680      0.0000000000     -6.158005      0.0000000000      703.9999999999
   5556  -0.30580      0.0000000000     -6.130794      0.0000000000      703.9999999999
   5566  -0.30480      0.0000000000     -6.103582      0.0000000000      703.9999999999
   5576  -0.30380      0.0000000000     -6.076371      0.0000000000      703.9999999999
   5586  -0.30280      0.0000000000     -6.049160      0.0000000000      703.9999999999
   5596  -0.30180      0.0000000000     -6.021948      0.0000000000      703.9999999999
   5606  -0.30080      0.0000000000     -5.994737      0.0000000000      703.9999999999
   5616  -0.29980      0.0000000000     -5.967525      0.0000000000      703.9999999999
   5626  -0.29880      0.0000000000     -5.940314      0.0000000000      703.9999999999
   5636  -0.29780      0.0000000000     -5.913103      0.0000000000      703.9999999999
   5646  -0.29680      0.0000000000     -5.885891      0.0000000000      703.9999999999
   5656  -0.29580      0.0000000000     -5.858680      0.0000000000      703.9999999999
   5666  -0.29480      0.0000000000     -5.831468      0.0000000000      703.9999999999
   5676  -0.29380      0.0000000000     -5.804257      0.0000000000      703.9999999999
   5686  -0.29280      0.0000000000     -5.777046      0.0000000000      703.9999999999
   5696  -0.29180      0.0000000197     -5.749834      0.0000000007      703.9999999999
   5706  -0.29080      0.0000118395     -5.722623      0.0000004351      704.0000000025
   5716  -0.28980      0.0027615189     -5.695411      0.0001014839      704.0000006844
   5726  -0.28880      0.2601750353     -5.668200      0.0095612527      704.0000743510
   5736  -0.28780     10.6028308274     -5.640989      0.3896467042      704.0035670080
   5746  -0.28680    203.1151810001     -5.613777      7.4643425086      704.0823555507
   5756  -0.28580   1903.9297432446     -5.586566     69.9681020683      704.9737748889
   5766  -0.28480   8441.2437725757     -5.559354    310.2098740559      709.9816985046
   5776  -0.28380  16717.3451495072     -5.532143    614.3508792182      723.3681138062
   5786  -0.28280  14343.8694400136     -5.504932    527.1272874403      739.8703122897
   5796  -0.28180   5376.0396252918     -5.477720    197.5657403118      749.1946180707
   5806  -0.28080    922.9917114244     -5.450509     33.9193074231      751.6594264782
   5816  -0.27980     77.3424501876     -5.423297      2.8422815853      751.9783047422
   5826  -0.27880      3.1959835367     -5.396086      0.1174501859      751.9993007600
   5836  -0.27780      0.0606781117     -5.368875      0.0022298787      751.9999895372
   5846  -0.27680      0.0004843270     -5.341663      0.0000177987      751.9999999332
   5856  -0.27580      0.0000015315     -5.314452      0.0000000563      751.9999999997
   5866  -0.27480      0.0000000019     -5.287240      0.0000000001      751.9999999999
   5876  -0.27380      0.0000000000     -5.260029      0.0000000000      751.9999999999
   5886  -0.27280      0.0000000000     -5.232818      0.0000000000      751.9999999999
   5896  -0.27180      0.0000000000     -5.205606      0.0000000000      751.9999999999
   5906  -0.27080      0.0000000000     -5.178395      0.0000000000      751.9999999999
   5916  -0.26980      0.0000000000     -5.151183      0.0000000000      751.9999999999
   5926  -0.26880      0.0000000000     -5.123972      0.0000000000      751.9999999999
   5936  -0.26780      0.0000000000     -5.096761      0.0000000000      751.9999999999
   5946  -0.26680      0.0000000000     -5.069549      0.0000000000      751.9999999999
   5956  -0.26580      0.0000000000     -5.042338      0.0000000000      751.9999999999
   5966  -0.26480      0.0000000000     -5.015126      0.0000000000      751.9999999999
   5976  -0.26380      0.0000000000     -4.987915      0.0000000000      751.9999999999
   5986  -0.26280      0.0000000000     -4.960704      0.0000000000      751.9999999999
   5996  -0.26180      0.0000000000     -4.933492      0.0000000000      751.9999999999
   6006  -0.26080      0.0000000000     -4.906281      0.0000000000      751.9999999999
   6016  -0.25980      0.0000000000     -4.879069      0.0000000000      751.9999999999
   6026  -0.25880      0.0000000000     -4.851858      0.0000000000      751.9999999999
   6036  -0.25780      0.0000000000     -4.824647      0.0000000000      751.9999999999
   6046  -0.25680      0.0000000000     -4.797435      0.0000000000      751.9999999999
   6056  -0.25580      0.0000000000     -4.770224      0.0000000000      751.9999999999
   6066  -0.25480      0.0000000000     -4.743012      0.0000000000      751.9999999999
   6076  -0.25380      0.0000000000     -4.715801      0.0000000000      751.9999999999
   6086  -0.25280      0.0000000000     -4.688590      0.0000000000      751.9999999999
   6096  -0.25180      0.0000000000     -4.661378      0.0000000000      751.9999999999
   6106  -0.25080      0.0000000000     -4.634167      0.0000000000      751.9999999999
   6116  -0.24980      0.0000000000     -4.606956      0.0000000000      751.9999999999
   6126  -0.24880      0.0000000000     -4.579744      0.0000000000      751.9999999999
   6136  -0.24780      0.0000000000     -4.552533      0.0000000000      751.9999999999
   6146  -0.24680      0.0000000000     -4.525321      0.0000000000      751.9999999999
   6156  -0.24580      0.0000000000     -4.498110      0.0000000000      751.9999999999
   6166  -0.24480      0.0000000000     -4.470899      0.0000000000      751.9999999999
   6176  -0.24380      0.0000000000     -4.443687      0.0000000000      751.9999999999
   6186  -0.24280      0.0000000000     -4.416476      0.0000000000      751.9999999999
   6196  -0.24180      0.0000000000     -4.389264      0.0000000000      751.9999999999
   6206  -0.24080      0.0000000000     -4.362053      0.0000000000      751.9999999999
   6216  -0.23980      0.0000000000     -4.334842      0.0000000000      751.9999999999
   6226  -0.23880      0.0000000000     -4.307630      0.0000000000      751.9999999999
   6236  -0.23780      0.0000000000     -4.280419      0.0000000000      751.9999999999
   6246  -0.23680      0.0000000000     -4.253207      0.0000000000      751.9999999999
   6256  -0.23580      0.0000000000     -4.225996      0.0000000000      751.9999999999
   6266  -0.23480      0.0000000000     -4.198785      0.0000000000      751.9999999999
   6276  -0.23380      0.0000000000     -4.171573      0.0000000000      751.9999999999
   6286  -0.23280      0.0000000000     -4.144362      0.0000000000      751.9999999999
   6296  -0.23180      0.0000000000     -4.117150      0.0000000000      751.9999999999
   6306  -0.23080      0.0000000000     -4.089939      0.0000000000      751.9999999999
   6316  -0.22980      0.0000000000     -4.062728      0.0000000000      751.9999999999
   6326  -0.22880      0.0000000000     -4.035516      0.0000000000      751.9999999999
   6336  -0.22780      0.0000000000     -4.008305      0.0000000000      751.9999999999
   6346  -0.22680      0.0000000000     -3.981093      0.0000000000      751.9999999999
   6356  -0.22580      0.0000000000     -3.953882      0.0000000000      751.9999999999
   6366  -0.22480      0.0000000000     -3.926671      0.0000000000      751.9999999999
   6376  -0.22380      0.0000000000     -3.899459      0.0000000000      751.9999999999
   6386  -0.22280      0.0000000000     -3.872248      0.0000000000      751.9999999999
   6396  -0.22180      0.0000000000     -3.845036      0.0000000000      751.9999999999
   6406  -0.22080      0.0000000000     -3.817825      0.0000000000      751.9999999999
   6416  -0.21980      0.0000000000     -3.790614      0.0000000000      751.9999999999
   6426  -0.21880      0.0000000000     -3.763402      0.0000000000      751.9999999999
   6436  -0.21780      0.0000000000     -3.736191      0.0000000000      751.9999999999
   6446  -0.21680      0.0000000000     -3.708979      0.0000000000      751.9999999999
   6456  -0.21580      0.0000000000     -3.681768      0.0000000000      751.9999999999
   6466  -0.21480      0.0000000150     -3.654557      0.0000000006      751.9999999999
   6476  -0.21380      0.0000112954     -3.627345      0.0000004151      752.0000000023
   6486  -0.21280      0.0032494501     -3.600134      0.0001194150      752.0000007830
   6496  -0.21180      0.3607761470     -3.572922      0.0132582740      752.0001005474
   6506  -0.21080     15.6233724248     -3.545711      0.5741481377      752.0052265995
   6516  -0.20980    267.1218043340     -3.518500      9.8165416747      752.1131896842
   6526  -0.20880   1826.4781609505     -3.491288     67.1218099535      753.0646762985
   6536  -0.20780   5052.0730032598     -3.464077    185.6601908778      756.6411399578
   6546  -0.20680   5694.5277063587     -3.436865    209.2699571521      762.4553440631
   6556  -0.20580   2618.0761640932     -3.409654     96.2124894166      766.5665036248
   6566  -0.20480    488.1249087537     -3.382443     17.9382530048      767.8257538946
   6576  -0.20380     36.5159995238     -3.355231      1.3419377426      767.9907192589
   6586  -0.20280      1.0822373101     -3.328020      0.0397714731      767.9997928449
   6596  -0.20180      0.0125496698     -3.300809      0.0004611917      767.9999981203
   6606  -0.20080      0.0000563155     -3.273597      0.0000020696      767.9999999931
   6616  -0.19980      0.0000000969     -3.246386      0.0000000036      767.9999999999
   6626  -0.19880      0.0000000001     -3.219174      0.0000000000      767.9999999999
   6636  -0.19780      0.0000000000     -3.191963      0.0000000000      767.9999999999
   6646  -0.19680      0.0000000000     -3.164752      0.0000000000      767.9999999999
   6656  -0.19580      0.0000000000     -3.137540      0.0000000000      767.9999999999
   6666  -0.19480      0.0000000000     -3.110329      0.0000000000      767.9999999999
   6676  -0.19380      0.0000000000     -3.083117      0.0000000000      767.9999999999
   6686  -0.19280      0.0000000000     -3.055906      0.0000000000      767.9999999999
   6696  -0.19180      0.0000000000     -3.028695      0.0000000000      767.9999999999
   6706  -0.19080      0.0000000000     -3.001483      0.0000000000      767.9999999999
   6716  -0.18980      0.0000000000     -2.974272      0.0000000000      767.9999999999
   6726  -0.18880      0.0000000000     -2.947060      0.0000000000      767.9999999999
   6736  -0.18780      0.0000000000     -2.919849      0.0000000000      767.9999999999
   6746  -0.18680      0.0000000000     -2.892638      0.0000000000      767.9999999999
   6756  -0.18580      0.0000000000     -2.865426      0.0000000000      767.9999999999
   6766  -0.18480      0.0000000000     -2.838215      0.0000000000      767.9999999999
   6776  -0.18380      0.0000000000     -2.811003      0.0000000000      767.9999999999
   6786  -0.18280      0.0000000000     -2.783792      0.0000000000      767.9999999999
   6796  -0.18180      0.0000000000     -2.756581      0.0000000000      767.9999999999
   6806  -0.18080      0.0000000000     -2.729369      0.0000000000      767.9999999999
   6816  -0.17980      0.0000000000     -2.702158      0.0000000000      767.9999999999
   6826  -0.17880      0.0000000000     -2.674946      0.0000000000      767.9999999999
   6836  -0.17780      0.0000000000     -2.647735      0.0000000000      767.9999999999
   6846  -0.17680      0.0000000000     -2.620524      0.0000000000      767.9999999999
   6856  -0.17580      0.0000000000     -2.593312      0.0000000000      767.9999999999
   6866  -0.17480      0.0000000000     -2.566101      0.0000000000      767.9999999999
   6876  -0.17380      0.0000000000     -2.538889      0.0000000000      767.9999999999
   6886  -0.17280      0.0000000000     -2.511678      0.0000000000      767.9999999999
   6896  -0.17180      0.0000000000     -2.484467      0.0000000000      767.9999999999
   6906  -0.17080      0.0000000000     -2.457255      0.0000000000      767.9999999999
   6916  -0.16980      0.0000000000     -2.430044      0.0000000000      767.9999999999
   6926  -0.16880      0.0000000000     -2.402832      0.0000000000      767.9999999999
   6936  -0.16780      0.0000000000     -2.375621      0.0000000000      767.9999999999
   6946  -0.16680      0.0000000000     -2.348410      0.0000000000      767.9999999999
   6956  -0.16580      0.0000000000     -2.321198      0.0000000000      767.9999999999
   6966  -0.16480      0.0000000000     -2.293987      0.0000000000      767.9999999999
   6976  -0.16380      0.0000000050     -2.266775      0.0000000002      767.9999999999
   6986  -0.16280      0.0000044290     -2.239564      0.0000001628      768.0000000008
   6996  -0.16180      0.0015647738     -2.212353      0.0000575044      768.0000003662
   7006  -0.16080      0.2216417565     -2.185141      0.0081451814      768.0000592075
   7016  -0.15980     12.7085344366     -2.157930      0.4670298564      768.0039981963
   7026  -0.15880    296.8181486934     -2.130718     10.9078618038      768.1150820313
   7036  -0.15780   2836.1127178817     -2.103507    104.2251820615      769.4513928962
   7046  -0.15680  11130.5596352319     -2.076296    409.0403731538      776.3919944933
   7056  -0.15580  18004.0516836625     -2.049084    661.6364549771      792.1186688797
   7066  -0.15480  12020.3571249985     -2.021873    441.7398158748      807.7609273003
   7076  -0.15380   3307.7204301088     -1.994661    121.5564395107      814.5894264223
   7086  -0.15280    373.8359855745     -1.967450     13.7382140745      815.8894070116
   7096  -0.15180     17.2844233899     -1.940239      0.6351906126      815.9962036759
   7106  -0.15080      0.3256119132     -1.913027      0.0119660127      815.9999444726
   7116  -0.14980      0.0024855097     -1.885816      0.0000913408      815.9999996606
   7126  -0.14880      0.0000076204     -1.858605      0.0000002800      815.9999999991
   7136  -0.14780      0.0000000093     -1.831393      0.0000000003      815.9999999999
   7146  -0.14680      0.0000000000     -1.804182      0.0000000000      815.9999999999
   7156  -0.14580      0.0000000000     -1.776970      0.0000000000      815.9999999999
   7166  -0.14480      0.0000000000     -1.749759      0.0000000000      815.9999999999
   7176  -0.14380      0.0000000000     -1.722548      0.0000000000      815.9999999999
   7186  -0.14280      0.0000000000     -1.695336      0.0000000000      815.9999999999
   7196  -0.14180      0.0000000000     -1.668125      0.0000000000      815.9999999999
   7206  -0.14080      0.0000000000     -1.640913      0.0000000000      815.9999999999
   7216  -0.13980      0.0000000000     -1.613702      0.0000000000      815.9999999999
   7226  -0.13880      0.0000000000     -1.586491      0.0000000000      815.9999999999
   7236  -0.13780      0.0000000000     -1.559279      0.0000000000      815.9999999999
   7246  -0.13680      0.0000000000     -1.532068      0.0000000000      815.9999999999
   7256  -0.13580      0.0000000000     -1.504856      0.0000000000      815.9999999999
   7266  -0.13480      0.0000000000     -1.477645      0.0000000000      815.9999999999
   7276  -0.13380      0.0000000000     -1.450434      0.0000000000      815.9999999999
   7286  -0.13280      0.0000000000     -1.423222      0.0000000000      815.9999999999
   7296  -0.13180      0.0000000000     -1.396011      0.0000000000      815.9999999999
   7306  -0.13080      0.0000000001     -1.368799      0.0000000000      815.9999999999
   7316  -0.12980      0.0000001735     -1.341588      0.0000000064      815.9999999999
   7326  -0.12880      0.0000883999     -1.314377      0.0000032486      816.0000000197
   7336  -0.12780      0.0184013252     -1.287165      0.0006762360      816.0000046268
   7346  -0.12680      1.5988756537     -1.259954      0.0587575751      816.0004634657
   7356  -0.12580     58.5060797847     -1.232742      2.1500579927      816.0202556545
   7366  -0.12480    898.8533636911     -1.205531     33.0322398284      816.3922710786
   7376  -0.12380   5755.8099027588     -1.178320    211.5220355115      819.4452538031
   7386  -0.12280  15283.9226838284     -1.151108    561.6735943859      830.4157495667
   7396  -0.12180  16799.5434832363     -1.123897    617.3716111673      847.7416513809
   7406  -0.12080   7643.3505211027     -1.096685    280.8878485679      859.7914718062
   7416  -0.11980   1441.4664252205     -1.069474     52.9728947855      863.4765987387
   7426  -0.11880    113.1563077966     -1.042263      4.1584160979      863.9703649848
   7436  -0.11780      3.7220711326     -1.015051      0.1367835414      863.9992555399
   7446  -0.11680      0.0514974369     -0.987840      0.0018924952      863.9999918369
   7456  -0.11580      0.0002977538     -0.960628      0.0000109422      863.9999999616
   7466  -0.11480      0.0000007059     -0.933417      0.0000000259      863.9999999998
   7476  -0.11380      0.0000000007     -0.906206      0.0000000000      863.9999999999
   7486  -0.11280      0.0000000000     -0.878994      0.0000000000      863.9999999999
   7496  -0.11180      0.0000000000     -0.851783      0.0000000000      863.9999999999
   7506  -0.11080      0.0000000000     -0.824571      0.0000000000      863.9999999999
   7516  -0.10980      0.0000000000     -0.797360      0.0000000000      863.9999999999
   7526  -0.10880      0.0000000000     -0.770149      0.0000000000      863.9999999999
   7536  -0.10780      0.0000000000     -0.742937      0.0000000000      863.9999999999
   7546  -0.10680      0.0000000000     -0.715726      0.0000000000      863.9999999999
   7556  -0.10580      0.0000000000     -0.688514      0.0000000000      863.9999999999
   7566  -0.10480      0.0000000000     -0.661303      0.0000000000      863.9999999999
   7576  -0.10380      0.0000000000     -0.634092      0.0000000000      863.9999999999
   7586  -0.10280      0.0000000000     -0.606880      0.0000000000      863.9999999999
   7596  -0.10180      0.0000000000     -0.579669      0.0000000000      863.9999999999
   7606  -0.10080      0.0000000000     -0.552457      0.0000000000      863.9999999999
   7616  -0.09980      0.0000000000     -0.525246      0.0000000000      863.9999999999
   7626  -0.09880      0.0000000000     -0.498035      0.0000000000      863.9999999999
   7636  -0.09780      0.0000000000     -0.470823      0.0000000000      863.9999999999
   7646  -0.09680      0.0000000000     -0.443612      0.0000000000      863.9999999999
   7656  -0.09580      0.0000000000     -0.416401      0.0000000000      863.9999999999
   7666  -0.09480      0.0000000000     -0.389189      0.0000000000      863.9999999999
   7676  -0.09380      0.0000000000     -0.361978      0.0000000000      863.9999999999
   7686  -0.09280      0.0000000000     -0.334766      0.0000000000      863.9999999999
   7696  -0.09180      0.0000000000     -0.307555      0.0000000000      863.9999999999
   7706  -0.09080      0.0000000000     -0.280344      0.0000000000      863.9999999999
   7716  -0.08980      0.0000000004     -0.253132      0.0000000000      863.9999999999
   7726  -0.08880      0.0000004060     -0.225921      0.0000000149      864.0000000000
   7736  -0.08780      0.0001641029     -0.198709      0.0000060307      864.0000000377
   7746  -0.08680      0.0267879869     -0.171498      0.0009844400      864.0000069884
   7756  -0.08580      1.8438199788     -0.144287      0.0677591098      864.0005576258
   7766  -0.08480     55.4433689137     -0.117075      2.0375054851      864.0200634782
   7776  -0.08380    735.3562979972     -0.089864     27.0238356732      864.3352501504
   7786  -0.08280   4240.7896543442     -0.062652    155.8460885640      866.6542252141
   7796  -0.08180  10430.3311853028     -0.035441    383.3074616167      874.3483108146
   7806  -0.08080  10823.7263872106     -0.008230    397.7644633721      885.7858404183
   7816  -0.07980   4745.1114718962      0.018982    174.3795667719      893.3954742552
   7826  -0.07880    891.2058207586      0.046193     32.7511979116      895.6710537932
   7836  -0.07780     73.4210393521      0.073405      2.6981724476      895.9801158711
   7846  -0.07680      2.6998706403      0.100616      0.0992183799      895.9994358302
   7856  -0.07580      0.0438286195      0.127827      0.0016106715      895.9999927384
   7866  -0.07480      0.0003016505      0.155039      0.0000110854      895.9999999596
   7876  -0.07380      0.0000008395      0.182250      0.0000000309      895.9999999998
   7886  -0.07280      0.0000000009      0.209462      0.0000000000      895.9999999999
   7896  -0.07180      0.0000000000      0.236673      0.0000000000      895.9999999999
   7906  -0.07080      0.0000000000      0.263884      0.0000000000      895.9999999999
   7916  -0.06980      0.0000000000      0.291096      0.0000000000      895.9999999999
   7926  -0.06880      0.0000000000      0.318307      0.0000000000      895.9999999999
   7936  -0.06780      0.0000000000      0.345519      0.0000000000      895.9999999999
   7946  -0.06680      0.0000000000      0.372730      0.0000000000      895.9999999999
   7956  -0.06580      0.0000000000      0.399941      0.0000000000      895.9999999999
   7966  -0.06480      0.0000000000      0.427153      0.0000000000      895.9999999999
   7976  -0.06380      0.0000000000      0.454364      0.0000000000      895.9999999999
   7986  -0.06280      0.0000000001      0.481576      0.0000000000      895.9999999999
   7996  -0.06180      0.0000000902      0.508787      0.0000000033      895.9999999999
   8006  -0.06080      0.0000537142      0.535998      0.0000019740      896.0000000117
   8016  -0.05980      0.0122402091      0.563210      0.0004498192      896.0000030478
   8026  -0.05880      1.0754890935      0.590421      0.0395234808      896.0003124133
   8036  -0.05780     36.7906416492      0.617633      1.3520306509      896.0129912537
   8046  -0.05680    495.5544707781      0.644844     18.2112842739      896.2259823311
   8056  -0.05580   2659.5469561360      0.672055     97.7365123596      897.7220670029
   8066  -0.05480   5744.7072505858      0.699267    211.1140207183      902.1947367891
   8076  -0.05380   5021.6621086150      0.726478    184.5426115196      907.9533485022
   8086  -0.05280   1774.5101603484      0.753690     65.2120218517      911.1557034709
   8096  -0.05180    251.6587130613      0.780901      9.2482837585      911.9196752959
   8106  -0.05080     14.1664516563      0.808112      0.5206073065      911.9967223270
   8116  -0.04980      0.3127761870      0.835324      0.0114943087      911.9999448307
   8126  -0.04880      0.0026790438      0.862535      0.0000984530      911.9999996269
   8136  -0.04780      0.0000088214      0.889747      0.0000003242      911.9999999989
   8146  -0.04680      0.0000000111      0.916958      0.0000000004      911.9999999999
   8156  -0.04580      0.0000000000      0.944169      0.0000000000      911.9999999999
   8166  -0.04480      0.0000000000      0.971381      0.0000000000      911.9999999999
   8176  -0.04380      0.0000000000      0.998592      0.0000000000      911.9999999999
   8186  -0.04280      0.0000000000      1.025803      0.0000000000      911.9999999999
   8196  -0.04180      0.0000000000      1.053015      0.0000000000      911.9999999999
   8206  -0.04080      0.0000000000      1.080226      0.0000000000      911.9999999999
   8216  -0.03980      0.0000000000      1.107438      0.0000000000      911.9999999999
   8226  -0.03880      0.0000000000      1.134649      0.0000000000      911.9999999999
   8236  -0.03780      0.0000000000      1.161860      0.0000000000      911.9999999999
   8246  -0.03680      0.0000000000      1.189072      0.0000000000      911.9999999999
   8256  -0.03580      0.0000000000      1.216283      0.0000000000      911.9999999999
   8266  -0.03480      0.0000000000      1.243495      0.0000000000      911.9999999999
   8276  -0.03380      0.0000000000      1.270706      0.0000000000      911.9999999999
   8286  -0.03280      0.0000000000      1.297917      0.0000000000      911.9999999999
   8296  -0.03180      0.0000000000      1.325129      0.0000000000      911.9999999999
   8306  -0.03080      0.0000000000      1.352340      0.0000000000      911.9999999999
   8316  -0.02980      0.0000000000      1.379552      0.0000000000      911.9999999999
   8326  -0.02880      0.0000000000      1.406763      0.0000000000      911.9999999999
   8336  -0.02780      0.0000000000      1.433974      0.0000000000      911.9999999999
   8346  -0.02680      0.0000000000      1.461186      0.0000000000      911.9999999999
   8356  -0.02580      0.0000000000      1.488397      0.0000000000      911.9999999999
   8366  -0.02480      0.0000000000      1.515609      0.0000000000      911.9999999999
   8376  -0.02380      0.0000000000      1.542820      0.0000000000      911.9999999999
   8386  -0.02280      0.0000000004      1.570031      0.0000000000      911.9999999999
   8396  -0.02180      0.0000004950      1.597243      0.0000000182      912.0000000000
   8406  -0.02080      0.0002122710      1.624454      0.0000078008      912.0000000484
   8416  -0.01980      0.0364579268      1.651666      0.0013398036      912.0000094418
   8426  -0.01880      2.6024981255      1.678877      0.0956400073      912.0007822505
   8436  -0.01780     79.8398898729      1.706088      2.9340607675      912.0287731075
   8446  -0.01680   1068.9408159833      1.733300     39.2828361357      912.4859730041
   8456  -0.01580   6213.8626801967      1.760511    228.3551584764      915.8746170934
   8466  -0.01480  15473.9895014009      1.787723    568.6584185575      927.2301509060
   8476  -0.01380  16345.1275381572      1.814934    600.6721392778      944.3585781114
   8486  -0.01280   7307.5289321800      1.842145    268.5466372948      955.9603638737
   8496  -0.01180   1390.2886945602      1.869357     51.0921485578      959.4875757952
   8506  -0.01080    113.7012024332      1.896568      4.1784405992      959.9695427577
   8516  -0.00980      4.0203383566      1.923780      0.1477446557      959.9991752786
   8526  -0.00880      0.0608533951      1.950991      0.0022363202      959.9999901324
   8536  -0.00780      0.0003836700      1.978202      0.0000140996      959.9999999497
   8546  -0.00680      0.0000009738      2.005414      0.0000000358      959.9999999998
   8556  -0.00580      0.0000000010      2.032625      0.0000000000      959.9999999999
   8566  -0.00480      0.0000000000      2.059837      0.0000000000      959.9999999999
   8576  -0.00380      0.0000000000      2.087048      0.0000000000      959.9999999999
   8586  -0.00280      0.0000000000      2.114259      0.0000000000      959.9999999999
   8596  -0.00180      0.0000000000      2.141471      0.0000000000      959.9999999999
   8606  -0.00080      0.0000000000      2.168682      0.0000000000      959.9999999999
   8616   0.00020      0.0000000000      2.195894      0.0000000000      959.9999999999
   8626   0.00120      0.0000000000      2.223105      0.0000000000      959.9999999999
   8636   0.00220      0.0000000000      2.250316      0.0000000000      959.9999999999
   8646   0.00320      0.0000000000      2.277528      0.0000000000      959.9999999999
   8656   0.00420      0.0000000000      2.304739      0.0000000000      959.9999999999
   8666   0.00520      0.0000000000      2.331950      0.0000000000      959.9999999999
   8676   0.00620      0.0000000000      2.359162      0.0000000000      959.9999999999
   8686   0.00720      0.0000000000      2.386373      0.0000000000      959.9999999999
   8696   0.00820      0.0000000000      2.413585      0.0000000000      959.9999999999
   8706   0.00920      0.0000000000      2.440796      0.0000000000      959.9999999999
   8716   0.01020      0.0000000000      2.468007      0.0000000000      959.9999999999
   8726   0.01120      0.0000000000      2.495219      0.0000000000      959.9999999999
   8736   0.01220      0.0000000000      2.522430      0.0000000000      959.9999999999
   8746   0.01320      0.0000000000      2.549642      0.0000000000      959.9999999999
   8756   0.01420      0.0000000000      2.576853      0.0000000000      959.9999999999
   8766   0.01520      0.0000000000      2.604064      0.0000000000      959.9999999999
   8776   0.01620      0.0000000000      2.631276      0.0000000000      959.9999999999
   8786   0.01720      0.0000000000      2.658487      0.0000000000      959.9999999999
   8796   0.01820      0.0000000000      2.685699      0.0000000000      959.9999999999
   8806   0.01920      0.0000000000      2.712910      0.0000000000      959.9999999999
   8816   0.02020      0.0000000000      2.740121      0.0000000000      959.9999999999
   8826   0.02120      0.0000000000      2.767333      0.0000000000      959.9999999999
   8836   0.02220      0.0000000000      2.794544      0.0000000000      959.9999999999
   8846   0.02320      0.0000000000      2.821756      0.0000000000      959.9999999999
   8856   0.02420      0.0000000000      2.848967      0.0000000000      959.9999999999
   8866   0.02520      0.0000000000      2.876178      0.0000000000      959.9999999999
   8876   0.02620      0.0000000000      2.903390      0.0000000000      959.9999999999
   8886   0.02720      0.0000000000      2.930601      0.0000000000      959.9999999999
   8896   0.02820      0.0000000000      2.957813      0.0000000000      959.9999999999
   8906   0.02920      0.0000000000      2.985024      0.0000000000      959.9999999999
   8916   0.03020      0.0000000000      3.012235      0.0000000000      959.9999999999
   8926   0.03120      0.0000000000      3.039447      0.0000000000      959.9999999999
   8936   0.03220      0.0000000000      3.066658      0.0000000000      959.9999999999
   8946   0.03320      0.0000000000      3.093870      0.0000000000      959.9999999999
   8956   0.03420      0.0000000000      3.121081      0.0000000000      959.9999999999
   8966   0.03520      0.0000000000      3.148292      0.0000000000      959.9999999999
   8976   0.03620      0.0000000000      3.175504      0.0000000000      959.9999999999
   8986   0.03720      0.0000000000      3.202715      0.0000000000      959.9999999999
   8996   0.03820      0.0000000000      3.229927      0.0000000000      959.9999999999
   9006   0.03920      0.0000000000      3.257138      0.0000000000      959.9999999999
   9016   0.04020      0.0000000000      3.284349      0.0000000000      959.9999999999
   9026   0.04120      0.0000000005      3.311561      0.0000000000      959.9999999999
   9036   0.04220      0.0000006094      3.338772      0.0000000224      960.0000000000
   9046   0.04320      0.0002647464      3.365984      0.0000097292      960.0000000604
   9056   0.04420      0.0440984439      3.393195      0.0016205873      960.0000115070
   9066   0.04520      2.8403100754      3.420406      0.1043794320      960.0008750011
   9076   0.04620     71.4812294520      3.447618      2.6268857745      960.0272318801
   9086   0.04720    711.3034367653      3.474829     26.1399096483      960.3592260806
   9096   0.04820   2831.8569420309      3.502041    104.0687852406      962.1193787370
   9106   0.04920   4551.8820130172      3.529252    167.2785177183      966.1120260184
   9116   0.05020   2964.8034419934      3.556463    108.9544772216      970.0230837987
   9126   0.05120    780.0989096989      3.583675     28.6680957272      971.6772754303
   9136   0.05220     82.2036966839      3.610886      3.0209290340      971.9765038424
   9146   0.05320      3.4293292640      3.638098      0.1260254801      971.9992759820
   9156   0.05420      0.0559726709      3.665309      0.0020569570      971.9999908751
   9166   0.05520      0.0003536897      3.692520      0.0000129979      971.9999999540
   9176   0.05620      0.0000008577      3.719732      0.0000000315      971.9999999998
   9186   0.05720      0.0000000008      3.746943      0.0000000000      971.9999999999
END
