#
#   a_vector =        12.6393366266        0.0000000000        0.0000000000
#   b_vector =         0.0000000000       12.6393366266        0.0000000000
#   c_vector =         0.0000000000        0.0000000000       12.6393366266
#   ntyp =        1 natm =        8
# (natm->type)     1    1    1    1    1    1    1    1
# (speciesname)     1 :   Sn  
#
 cps and forc at (iter_ion, iter_total =     1      15 )
    1    1.579917078    1.579917078    1.579917078   -0.000000    0.000000   -0.000000
    2   -1.579917078   -1.579917078   -1.579917078    0.000000    0.000000   -0.000000
    3    1.579917078    7.899585392    7.899585392   -0.000000    0.000000    0.000000
    4   -1.579917078   -7.899585392   -7.899585392    0.000000   -0.000000   -0.000000
    5    7.899585392    1.579917078    7.899585392    0.000000    0.000000    0.000000
    6   -7.899585392   -1.579917078   -7.899585392   -0.000000    0.000000    0.000000
    7    7.899585392    7.899585392    1.579917078    0.000000   -0.000000   -0.000000
    8   -7.899585392   -7.899585392   -1.579917078   -0.000000   -0.000000    0.000000
