  No.   E(hr.)        dos(hr.)         E(eV)          dos(eV)              sum
      6  -0.86220      0.0000000000    -21.668435      0.0000000000        0.0000000000
     16  -0.86120      0.0000000232    -21.641223      0.0000000009        0.0000000000
     26  -0.86020      0.0000186786    -21.614012      0.0000006864        0.0000000040
     36  -0.85920      0.0058062360    -21.586801      0.0002133752        0.0000013837
     46  -0.85820      0.7089408956    -21.559589      0.0260530879        0.0001941894
     56  -0.85720     34.8268933812    -21.532378      1.2798642594        0.0113119330
     66  -0.85620    709.2541146607    -21.505166     26.0645984775        0.2849021175
     76  -0.85520   6198.5046981103    -21.477955    227.7907632501        3.2677861212
     86  -0.85420  24138.5876284872    -21.450744    887.0764107591       18.2454402910
     96  -0.85320  43775.5074850539    -21.423532   1608.7196424522       54.2901137766
    106  -0.85220  40465.3945348583    -21.396321   1487.0752794821       98.3164487956
    116  -0.85120  26612.4072383132    -21.369109    977.9875715165      130.7491765979
    126  -0.85020  23367.3812071660    -21.341898    858.7351078333      154.6352215281
    136  -0.84920  27536.1120009995    -21.314687   1011.9330830807      179.9361126086
    146  -0.84820  35043.7364861426    -21.287475   1287.8330936409      211.4471381643
    156  -0.84720  40582.7004073515    -21.260264   1491.3861892144      250.0318409961
    166  -0.84620  39161.6805264039    -21.233052   1439.1646907983      290.3318361441
    176  -0.84520  36407.9112811371    -21.205841   1337.9655744396      327.6754514565
    186  -0.84420  39285.6810863602    -21.178630   1443.7216256675      365.2017637862
    196  -0.84320  43897.5093984810    -21.151418   1613.2031284430      407.2595863606
    206  -0.84220  41061.8518145370    -21.124207   1508.9946722391      450.4973008768
    216  -0.84120  30583.9450805016    -21.096995   1123.9388420907      485.9214908521
    226  -0.84020  28220.2463970066    -21.069784   1037.0745492604      513.8249915929
    236  -0.83920  40803.3807249123    -21.042573   1499.4960383505      548.3665269962
    246  -0.83820  43154.6248425517    -21.015361   1585.9026344943      592.5984145877
    256  -0.83720  22806.3274546920    -20.988150    838.1167702302      625.5481293034
    266  -0.83620   5529.3067131913    -20.960938    203.1981998539      637.7046605803
    276  -0.83520    594.3812876184    -20.933727     21.8431014837      639.8246452659
    286  -0.83420     27.4915738369    -20.906516      1.0102963363      639.9939239931
    296  -0.83320      0.5302073745    -20.879304      0.0194847545      639.9999089858
    306  -0.83220      0.0041382067    -20.852093      0.0001520762      639.9999994334
    316  -0.83120      0.0000127450    -20.824881      0.0000004684      639.9999999985
    326  -0.83020      0.0000000152    -20.797670      0.0000000006      639.9999999999
    336  -0.82920      0.0000000000    -20.770459      0.0000000000      639.9999999999
    346  -0.82820      0.0000000000    -20.743247      0.0000000000      639.9999999999
    356  -0.82720      0.0000000000    -20.716036      0.0000000000      639.9999999999
    366  -0.82620      0.0000000000    -20.688824      0.0000000000      639.9999999999
    376  -0.82520      0.0000000000    -20.661613      0.0000000000      639.9999999999
    386  -0.82420      0.0000000000    -20.634402      0.0000000000      639.9999999999
    396  -0.82320      0.0000000000    -20.607190      0.0000000000      639.9999999999
    406  -0.82220      0.0000000000    -20.579979      0.0000000000      639.9999999999
    416  -0.82120      0.0000000000    -20.552768      0.0000000000      639.9999999999
    426  -0.82020      0.0000000000    -20.525556      0.0000000000      639.9999999999
    436  -0.81920      0.0000000000    -20.498345      0.0000000000      639.9999999999
    446  -0.81820      0.0000000000    -20.471133      0.0000000000      639.9999999999
    456  -0.81720      0.0000000000    -20.443922      0.0000000000      639.9999999999
    466  -0.81620      0.0000000000    -20.416711      0.0000000000      639.9999999999
    476  -0.81520      0.0000000000    -20.389499      0.0000000000      639.9999999999
    486  -0.81420      0.0000000000    -20.362288      0.0000000000      639.9999999999
    496  -0.81320      0.0000000000    -20.335076      0.0000000000      639.9999999999
    506  -0.81220      0.0000000000    -20.307865      0.0000000000      639.9999999999
    516  -0.81120      0.0000000000    -20.280654      0.0000000000      639.9999999999
    526  -0.81020      0.0000000000    -20.253442      0.0000000000      639.9999999999
    536  -0.80920      0.0000000000    -20.226231      0.0000000000      639.9999999999
    546  -0.80820      0.0000000000    -20.199019      0.0000000000      639.9999999999
    556  -0.80720      0.0000000000    -20.171808      0.0000000000      639.9999999999
    566  -0.80620      0.0000000000    -20.144597      0.0000000000      639.9999999999
    576  -0.80520      0.0000000000    -20.117385      0.0000000000      639.9999999999
    586  -0.80420      0.0000000000    -20.090174      0.0000000000      639.9999999999
    596  -0.80320      0.0000000000    -20.062962      0.0000000000      639.9999999999
    606  -0.80220      0.0000000000    -20.035751      0.0000000000      639.9999999999
    616  -0.80120      0.0000000000    -20.008540      0.0000000000      639.9999999999
    626  -0.80020      0.0000000000    -19.981328      0.0000000000      639.9999999999
    636  -0.79920      0.0000000000    -19.954117      0.0000000000      639.9999999999
    646  -0.79820      0.0000000000    -19.926905      0.0000000000      639.9999999999
    656  -0.79720      0.0000000000    -19.899694      0.0000000000      639.9999999999
    666  -0.79620      0.0000000000    -19.872483      0.0000000000      639.9999999999
    676  -0.79520      0.0000000000    -19.845271      0.0000000000      639.9999999999
    686  -0.79420      0.0000000000    -19.818060      0.0000000000      639.9999999999
    696  -0.79320      0.0000000000    -19.790848      0.0000000000      639.9999999999
    706  -0.79220      0.0000000000    -19.763637      0.0000000000      639.9999999999
    716  -0.79120      0.0000000000    -19.736426      0.0000000000      639.9999999999
    726  -0.79020      0.0000000000    -19.709214      0.0000000000      639.9999999999
    736  -0.78920      0.0000000000    -19.682003      0.0000000000      639.9999999999
    746  -0.78820      0.0000000000    -19.654791      0.0000000000      639.9999999999
    756  -0.78720      0.0000000000    -19.627580      0.0000000000      639.9999999999
    766  -0.78620      0.0000000000    -19.600369      0.0000000000      639.9999999999
    776  -0.78520      0.0000000000    -19.573157      0.0000000000      639.9999999999
    786  -0.78420      0.0000000000    -19.545946      0.0000000000      639.9999999999
    796  -0.78320      0.0000000000    -19.518734      0.0000000000      639.9999999999
    806  -0.78220      0.0000000000    -19.491523      0.0000000000      639.9999999999
    816  -0.78120      0.0000000000    -19.464312      0.0000000000      639.9999999999
    826  -0.78020      0.0000000000    -19.437100      0.0000000000      639.9999999999
    836  -0.77920      0.0000000000    -19.409889      0.0000000000      639.9999999999
    846  -0.77820      0.0000000000    -19.382677      0.0000000000      639.9999999999
    856  -0.77720      0.0000000000    -19.355466      0.0000000000      639.9999999999
    866  -0.77620      0.0000000000    -19.328255      0.0000000000      639.9999999999
    876  -0.77520      0.0000000000    -19.301043      0.0000000000      639.9999999999
    886  -0.77420      0.0000000000    -19.273832      0.0000000000      639.9999999999
    896  -0.77320      0.0000000000    -19.246620      0.0000000000      639.9999999999
    906  -0.77220      0.0000000000    -19.219409      0.0000000000      639.9999999999
    916  -0.77120      0.0000000000    -19.192198      0.0000000000      639.9999999999
    926  -0.77020      0.0000000000    -19.164986      0.0000000000      639.9999999999
    936  -0.76920      0.0000000000    -19.137775      0.0000000000      639.9999999999
    946  -0.76820      0.0000000000    -19.110564      0.0000000000      639.9999999999
    956  -0.76720      0.0000000000    -19.083352      0.0000000000      639.9999999999
    966  -0.76620      0.0000000000    -19.056141      0.0000000000      639.9999999999
    976  -0.76520      0.0000000000    -19.028929      0.0000000000      639.9999999999
    986  -0.76420      0.0000000000    -19.001718      0.0000000000      639.9999999999
    996  -0.76320      0.0000000000    -18.974507      0.0000000000      639.9999999999
   1006  -0.76220      0.0000000000    -18.947295      0.0000000000      639.9999999999
   1016  -0.76120      0.0000000000    -18.920084      0.0000000000      639.9999999999
   1026  -0.76020      0.0000000000    -18.892872      0.0000000000      639.9999999999
   1036  -0.75920      0.0000000000    -18.865661      0.0000000000      639.9999999999
   1046  -0.75820      0.0000000000    -18.838450      0.0000000000      639.9999999999
   1056  -0.75720      0.0000000000    -18.811238      0.0000000000      639.9999999999
   1066  -0.75620      0.0000000000    -18.784027      0.0000000000      639.9999999999
   1076  -0.75520      0.0000000000    -18.756815      0.0000000000      639.9999999999
   1086  -0.75420      0.0000000000    -18.729604      0.0000000000      639.9999999999
   1096  -0.75320      0.0000000000    -18.702393      0.0000000000      639.9999999999
   1106  -0.75220      0.0000000000    -18.675181      0.0000000000      639.9999999999
   1116  -0.75120      0.0000000000    -18.647970      0.0000000000      639.9999999999
   1126  -0.75020      0.0000000000    -18.620758      0.0000000000      639.9999999999
   1136  -0.74920      0.0000000000    -18.593547      0.0000000000      639.9999999999
   1146  -0.74820      0.0000000000    -18.566336      0.0000000000      639.9999999999
   1156  -0.74720      0.0000000000    -18.539124      0.0000000000      639.9999999999
   1166  -0.74620      0.0000000000    -18.511913      0.0000000000      639.9999999999
   1176  -0.74520      0.0000000000    -18.484701      0.0000000000      639.9999999999
   1186  -0.74420      0.0000000000    -18.457490      0.0000000000      639.9999999999
   1196  -0.74320      0.0000000000    -18.430279      0.0000000000      639.9999999999
   1206  -0.74220      0.0000000000    -18.403067      0.0000000000      639.9999999999
   1216  -0.74120      0.0000000000    -18.375856      0.0000000000      639.9999999999
   1226  -0.74020      0.0000000000    -18.348644      0.0000000000      639.9999999999
   1236  -0.73920      0.0000000000    -18.321433      0.0000000000      639.9999999999
   1246  -0.73820      0.0000000000    -18.294222      0.0000000000      639.9999999999
   1256  -0.73720      0.0000000000    -18.267010      0.0000000000      639.9999999999
   1266  -0.73620      0.0000000000    -18.239799      0.0000000000      639.9999999999
   1276  -0.73520      0.0000000000    -18.212587      0.0000000000      639.9999999999
   1286  -0.73420      0.0000000000    -18.185376      0.0000000000      639.9999999999
   1296  -0.73320      0.0000000000    -18.158165      0.0000000000      639.9999999999
   1306  -0.73220      0.0000000000    -18.130953      0.0000000000      639.9999999999
   1316  -0.73120      0.0000000000    -18.103742      0.0000000000      639.9999999999
   1326  -0.73020      0.0000000000    -18.076530      0.0000000000      639.9999999999
   1336  -0.72920      0.0000000000    -18.049319      0.0000000000      639.9999999999
   1346  -0.72820      0.0000000000    -18.022108      0.0000000000      639.9999999999
   1356  -0.72720      0.0000000000    -17.994896      0.0000000000      639.9999999999
   1366  -0.72620      0.0000000000    -17.967685      0.0000000000      639.9999999999
   1376  -0.72520      0.0000000000    -17.940473      0.0000000000      639.9999999999
   1386  -0.72420      0.0000000000    -17.913262      0.0000000000      639.9999999999
   1396  -0.72320      0.0000000000    -17.886051      0.0000000000      639.9999999999
   1406  -0.72220      0.0000000000    -17.858839      0.0000000000      639.9999999999
   1416  -0.72120      0.0000000000    -17.831628      0.0000000000      639.9999999999
   1426  -0.72020      0.0000000000    -17.804417      0.0000000000      639.9999999999
   1436  -0.71920      0.0000000000    -17.777205      0.0000000000      639.9999999999
   1446  -0.71820      0.0000000000    -17.749994      0.0000000000      639.9999999999
   1456  -0.71720      0.0000000000    -17.722782      0.0000000000      639.9999999999
   1466  -0.71620      0.0000000000    -17.695571      0.0000000000      639.9999999999
   1476  -0.71520      0.0000000000    -17.668360      0.0000000000      639.9999999999
   1486  -0.71420      0.0000000000    -17.641148      0.0000000000      639.9999999999
   1496  -0.71320      0.0000000000    -17.613937      0.0000000000      639.9999999999
   1506  -0.71220      0.0000000000    -17.586725      0.0000000000      639.9999999999
   1516  -0.71120      0.0000000000    -17.559514      0.0000000000      639.9999999999
   1526  -0.71020      0.0000000000    -17.532303      0.0000000000      639.9999999999
   1536  -0.70920      0.0000000000    -17.505091      0.0000000000      639.9999999999
   1546  -0.70820      0.0000000000    -17.477880      0.0000000000      639.9999999999
   1556  -0.70720      0.0000000000    -17.450668      0.0000000000      639.9999999999
   1566  -0.70620      0.0000000000    -17.423457      0.0000000000      639.9999999999
   1576  -0.70520      0.0000000000    -17.396246      0.0000000000      639.9999999999
   1586  -0.70420      0.0000000000    -17.369034      0.0000000000      639.9999999999
   1596  -0.70320      0.0000000000    -17.341823      0.0000000000      639.9999999999
   1606  -0.70220      0.0000000000    -17.314611      0.0000000000      639.9999999999
   1616  -0.70120      0.0000000000    -17.287400      0.0000000000      639.9999999999
   1626  -0.70020      0.0000000000    -17.260189      0.0000000000      639.9999999999
   1636  -0.69920      0.0000000000    -17.232977      0.0000000000      639.9999999999
   1646  -0.69820      0.0000000000    -17.205766      0.0000000000      639.9999999999
   1656  -0.69720      0.0000000000    -17.178554      0.0000000000      639.9999999999
   1666  -0.69620      0.0000000000    -17.151343      0.0000000000      639.9999999999
   1676  -0.69520      0.0000000000    -17.124132      0.0000000000      639.9999999999
   1686  -0.69420      0.0000000000    -17.096920      0.0000000000      639.9999999999
   1696  -0.69320      0.0000000000    -17.069709      0.0000000000      639.9999999999
   1706  -0.69220      0.0000000000    -17.042497      0.0000000000      639.9999999999
   1716  -0.69120      0.0000000000    -17.015286      0.0000000000      639.9999999999
   1726  -0.69020      0.0000000000    -16.988075      0.0000000000      639.9999999999
   1736  -0.68920      0.0000000000    -16.960863      0.0000000000      639.9999999999
   1746  -0.68820      0.0000000000    -16.933652      0.0000000000      639.9999999999
   1756  -0.68720      0.0000000000    -16.906440      0.0000000000      639.9999999999
   1766  -0.68620      0.0000000000    -16.879229      0.0000000000      639.9999999999
   1776  -0.68520      0.0000000000    -16.852018      0.0000000000      639.9999999999
   1786  -0.68420      0.0000000000    -16.824806      0.0000000000      639.9999999999
   1796  -0.68320      0.0000000000    -16.797595      0.0000000000      639.9999999999
   1806  -0.68220      0.0000000000    -16.770383      0.0000000000      639.9999999999
   1816  -0.68120      0.0000000000    -16.743172      0.0000000000      639.9999999999
   1826  -0.68020      0.0000000000    -16.715961      0.0000000000      639.9999999999
   1836  -0.67920      0.0000000000    -16.688749      0.0000000000      639.9999999999
   1846  -0.67820      0.0000000000    -16.661538      0.0000000000      639.9999999999
   1856  -0.67720      0.0000000000    -16.634326      0.0000000000      639.9999999999
   1866  -0.67620      0.0000000000    -16.607115      0.0000000000      639.9999999999
   1876  -0.67520      0.0000000000    -16.579904      0.0000000000      639.9999999999
   1886  -0.67420      0.0000000000    -16.552692      0.0000000000      639.9999999999
   1896  -0.67320      0.0000000000    -16.525481      0.0000000000      639.9999999999
   1906  -0.67220      0.0000000000    -16.498269      0.0000000000      639.9999999999
   1916  -0.67120      0.0000000000    -16.471058      0.0000000000      639.9999999999
   1926  -0.67020      0.0000000000    -16.443847      0.0000000000      639.9999999999
   1936  -0.66920      0.0000000000    -16.416635      0.0000000000      639.9999999999
   1946  -0.66820      0.0000000000    -16.389424      0.0000000000      639.9999999999
   1956  -0.66720      0.0000000000    -16.362213      0.0000000000      639.9999999999
   1966  -0.66620      0.0000000000    -16.335001      0.0000000000      639.9999999999
   1976  -0.66520      0.0000000000    -16.307790      0.0000000000      639.9999999999
   1986  -0.66420      0.0000000000    -16.280578      0.0000000000      639.9999999999
   1996  -0.66320      0.0000000000    -16.253367      0.0000000000      639.9999999999
   2006  -0.66220      0.0000000000    -16.226156      0.0000000000      639.9999999999
   2016  -0.66120      0.0000000000    -16.198944      0.0000000000      639.9999999999
   2026  -0.66020      0.0000000000    -16.171733      0.0000000000      639.9999999999
   2036  -0.65920      0.0000000000    -16.144521      0.0000000000      639.9999999999
   2046  -0.65820      0.0000000000    -16.117310      0.0000000000      639.9999999999
   2056  -0.65720      0.0000000000    -16.090099      0.0000000000      639.9999999999
   2066  -0.65620      0.0000000000    -16.062887      0.0000000000      639.9999999999
   2076  -0.65520      0.0000000000    -16.035676      0.0000000000      639.9999999999
   2086  -0.65420      0.0000000000    -16.008464      0.0000000000      639.9999999999
   2096  -0.65320      0.0000000000    -15.981253      0.0000000000      639.9999999999
   2106  -0.65220      0.0000000000    -15.954042      0.0000000000      639.9999999999
   2116  -0.65120      0.0000000000    -15.926830      0.0000000000      639.9999999999
   2126  -0.65020      0.0000000000    -15.899619      0.0000000000      639.9999999999
   2136  -0.64920      0.0000000000    -15.872407      0.0000000000      639.9999999999
   2146  -0.64820      0.0000000000    -15.845196      0.0000000000      639.9999999999
   2156  -0.64720      0.0000000000    -15.817985      0.0000000000      639.9999999999
   2166  -0.64620      0.0000000000    -15.790773      0.0000000000      639.9999999999
   2176  -0.64520      0.0000000000    -15.763562      0.0000000000      639.9999999999
   2186  -0.64420      0.0000000000    -15.736350      0.0000000000      639.9999999999
   2196  -0.64320      0.0000000000    -15.709139      0.0000000000      639.9999999999
   2206  -0.64220      0.0000000000    -15.681928      0.0000000000      639.9999999999
   2216  -0.64120      0.0000000000    -15.654716      0.0000000000      639.9999999999
   2226  -0.64020      0.0000000000    -15.627505      0.0000000000      639.9999999999
   2236  -0.63920      0.0000000000    -15.600293      0.0000000000      639.9999999999
   2246  -0.63820      0.0000000000    -15.573082      0.0000000000      639.9999999999
   2256  -0.63720      0.0000000000    -15.545871      0.0000000000      639.9999999999
   2266  -0.63620      0.0000000000    -15.518659      0.0000000000      639.9999999999
   2276  -0.63520      0.0000000000    -15.491448      0.0000000000      639.9999999999
   2286  -0.63420      0.0000000000    -15.464236      0.0000000000      639.9999999999
   2296  -0.63320      0.0000000000    -15.437025      0.0000000000      639.9999999999
   2306  -0.63220      0.0000000000    -15.409814      0.0000000000      639.9999999999
   2316  -0.63120      0.0000000000    -15.382602      0.0000000000      639.9999999999
   2326  -0.63020      0.0000000000    -15.355391      0.0000000000      639.9999999999
   2336  -0.62920      0.0000000000    -15.328179      0.0000000000      639.9999999999
   2346  -0.62820      0.0000000000    -15.300968      0.0000000000      639.9999999999
   2356  -0.62720      0.0000000000    -15.273757      0.0000000000      639.9999999999
   2366  -0.62620      0.0000000000    -15.246545      0.0000000000      639.9999999999
   2376  -0.62520      0.0000000000    -15.219334      0.0000000000      639.9999999999
   2386  -0.62420      0.0000000000    -15.192122      0.0000000000      639.9999999999
   2396  -0.62320      0.0000000000    -15.164911      0.0000000000      639.9999999999
   2406  -0.62220      0.0000000000    -15.137700      0.0000000000      639.9999999999
   2416  -0.62120      0.0000000000    -15.110488      0.0000000000      639.9999999999
   2426  -0.62020      0.0000000000    -15.083277      0.0000000000      639.9999999999
   2436  -0.61920      0.0000000000    -15.056065      0.0000000000      639.9999999999
   2446  -0.61820      0.0000000000    -15.028854      0.0000000000      639.9999999999
   2456  -0.61720      0.0000000000    -15.001643      0.0000000000      639.9999999999
   2466  -0.61620      0.0000000000    -14.974431      0.0000000000      639.9999999999
   2476  -0.61520      0.0000000000    -14.947220      0.0000000000      639.9999999999
   2486  -0.61420      0.0000000000    -14.920009      0.0000000000      639.9999999999
   2496  -0.61320      0.0000000000    -14.892797      0.0000000000      639.9999999999
   2506  -0.61220      0.0000000000    -14.865586      0.0000000000      639.9999999999
   2516  -0.61120      0.0000000000    -14.838374      0.0000000000      639.9999999999
   2526  -0.61020      0.0000000000    -14.811163      0.0000000000      639.9999999999
   2536  -0.60920      0.0000000000    -14.783952      0.0000000000      639.9999999999
   2546  -0.60820      0.0000000000    -14.756740      0.0000000000      639.9999999999
   2556  -0.60720      0.0000000000    -14.729529      0.0000000000      639.9999999999
   2566  -0.60620      0.0000000000    -14.702317      0.0000000000      639.9999999999
   2576  -0.60520      0.0000000000    -14.675106      0.0000000000      639.9999999999
   2586  -0.60420      0.0000000000    -14.647895      0.0000000000      639.9999999999
   2596  -0.60320      0.0000000000    -14.620683      0.0000000000      639.9999999999
   2606  -0.60220      0.0000000000    -14.593472      0.0000000000      639.9999999999
   2616  -0.60120      0.0000000000    -14.566260      0.0000000000      639.9999999999
   2626  -0.60020      0.0000000000    -14.539049      0.0000000000      639.9999999999
   2636  -0.59920      0.0000000000    -14.511838      0.0000000000      639.9999999999
   2646  -0.59820      0.0000000000    -14.484626      0.0000000000      639.9999999999
   2656  -0.59720      0.0000000000    -14.457415      0.0000000000      639.9999999999
   2666  -0.59620      0.0000000000    -14.430203      0.0000000000      639.9999999999
   2676  -0.59520      0.0000000000    -14.402992      0.0000000000      639.9999999999
   2686  -0.59420      0.0000000000    -14.375781      0.0000000000      639.9999999999
   2696  -0.59320      0.0000000000    -14.348569      0.0000000000      639.9999999999
   2706  -0.59220      0.0000000000    -14.321358      0.0000000000      639.9999999999
   2716  -0.59120      0.0000000000    -14.294146      0.0000000000      639.9999999999
   2726  -0.59020      0.0000000000    -14.266935      0.0000000000      639.9999999999
   2736  -0.58920      0.0000000000    -14.239724      0.0000000000      639.9999999999
   2746  -0.58820      0.0000000000    -14.212512      0.0000000000      639.9999999999
   2756  -0.58720      0.0000000000    -14.185301      0.0000000000      639.9999999999
   2766  -0.58620      0.0000000000    -14.158089      0.0000000000      639.9999999999
   2776  -0.58520      0.0000000000    -14.130878      0.0000000000      639.9999999999
   2786  -0.58420      0.0000000000    -14.103667      0.0000000000      639.9999999999
   2796  -0.58320      0.0000000000    -14.076455      0.0000000000      639.9999999999
   2806  -0.58220      0.0000000000    -14.049244      0.0000000000      639.9999999999
   2816  -0.58120      0.0000000000    -14.022032      0.0000000000      639.9999999999
   2826  -0.58020      0.0000000000    -13.994821      0.0000000000      639.9999999999
   2836  -0.57920      0.0000000000    -13.967610      0.0000000000      639.9999999999
   2846  -0.57820      0.0000000000    -13.940398      0.0000000000      639.9999999999
   2856  -0.57720      0.0000000000    -13.913187      0.0000000000      639.9999999999
   2866  -0.57620      0.0000000000    -13.885975      0.0000000000      639.9999999999
   2876  -0.57520      0.0000000000    -13.858764      0.0000000000      639.9999999999
   2886  -0.57420      0.0000000000    -13.831553      0.0000000000      639.9999999999
   2896  -0.57320      0.0000000000    -13.804341      0.0000000000      639.9999999999
   2906  -0.57220      0.0000000000    -13.777130      0.0000000000      639.9999999999
   2916  -0.57120      0.0000000000    -13.749918      0.0000000000      639.9999999999
   2926  -0.57020      0.0000000000    -13.722707      0.0000000000      639.9999999999
   2936  -0.56920      0.0000000000    -13.695496      0.0000000000      639.9999999999
   2946  -0.56820      0.0000000000    -13.668284      0.0000000000      639.9999999999
   2956  -0.56720      0.0000000000    -13.641073      0.0000000000      639.9999999999
   2966  -0.56620      0.0000000000    -13.613861      0.0000000000      639.9999999999
   2976  -0.56520      0.0000000000    -13.586650      0.0000000000      639.9999999999
   2986  -0.56420      0.0000000000    -13.559439      0.0000000000      639.9999999999
   2996  -0.56320      0.0000000000    -13.532227      0.0000000000      639.9999999999
   3006  -0.56220      0.0000000000    -13.505016      0.0000000000      639.9999999999
   3016  -0.56120      0.0000000000    -13.477805      0.0000000000      639.9999999999
   3026  -0.56020      0.0000000000    -13.450593      0.0000000000      639.9999999999
   3036  -0.55920      0.0000000000    -13.423382      0.0000000000      639.9999999999
   3046  -0.55820      0.0000000000    -13.396170      0.0000000000      639.9999999999
   3056  -0.55720      0.0000000000    -13.368959      0.0000000000      639.9999999999
   3066  -0.55620      0.0000000000    -13.341748      0.0000000000      639.9999999999
   3076  -0.55520      0.0000000000    -13.314536      0.0000000000      639.9999999999
   3086  -0.55420      0.0000000000    -13.287325      0.0000000000      639.9999999999
   3096  -0.55320      0.0000000000    -13.260113      0.0000000000      639.9999999999
   3106  -0.55220      0.0000000000    -13.232902      0.0000000000      639.9999999999
   3116  -0.55120      0.0000000000    -13.205691      0.0000000000      639.9999999999
   3126  -0.55020      0.0000000000    -13.178479      0.0000000000      639.9999999999
   3136  -0.54920      0.0000000000    -13.151268      0.0000000000      639.9999999999
   3146  -0.54820      0.0000000000    -13.124056      0.0000000000      639.9999999999
   3156  -0.54720      0.0000000000    -13.096845      0.0000000000      639.9999999999
   3166  -0.54620      0.0000000000    -13.069634      0.0000000000      639.9999999999
   3176  -0.54520      0.0000000000    -13.042422      0.0000000000      639.9999999999
   3186  -0.54420      0.0000000000    -13.015211      0.0000000000      639.9999999999
   3196  -0.54320      0.0000000000    -12.987999      0.0000000000      639.9999999999
   3206  -0.54220      0.0000000000    -12.960788      0.0000000000      639.9999999999
   3216  -0.54120      0.0000000000    -12.933577      0.0000000000      639.9999999999
   3226  -0.54020      0.0000000000    -12.906365      0.0000000000      639.9999999999
   3236  -0.53920      0.0000000000    -12.879154      0.0000000000      639.9999999999
   3246  -0.53820      0.0000000000    -12.851942      0.0000000000      639.9999999999
   3256  -0.53720      0.0000000000    -12.824731      0.0000000000      639.9999999999
   3266  -0.53620      0.0000000000    -12.797520      0.0000000000      639.9999999999
   3276  -0.53520      0.0000000000    -12.770308      0.0000000000      639.9999999999
   3286  -0.53420      0.0000000000    -12.743097      0.0000000000      639.9999999999
   3296  -0.53320      0.0000000000    -12.715885      0.0000000000      639.9999999999
   3306  -0.53220      0.0000000000    -12.688674      0.0000000000      639.9999999999
   3316  -0.53120      0.0000000000    -12.661463      0.0000000000      639.9999999999
   3326  -0.53020      0.0000000000    -12.634251      0.0000000000      639.9999999999
   3336  -0.52920      0.0000000000    -12.607040      0.0000000000      639.9999999999
   3346  -0.52820      0.0000000000    -12.579828      0.0000000000      639.9999999999
   3356  -0.52720      0.0000000000    -12.552617      0.0000000000      639.9999999999
   3366  -0.52620      0.0000000000    -12.525406      0.0000000000      639.9999999999
   3376  -0.52520      0.0000000000    -12.498194      0.0000000000      639.9999999999
   3386  -0.52420      0.0000000000    -12.470983      0.0000000000      639.9999999999
   3396  -0.52320      0.0000000000    -12.443771      0.0000000000      639.9999999999
   3406  -0.52220      0.0000000000    -12.416560      0.0000000000      639.9999999999
   3416  -0.52120      0.0000000000    -12.389349      0.0000000000      639.9999999999
   3426  -0.52020      0.0000000000    -12.362137      0.0000000000      639.9999999999
   3436  -0.51920      0.0000000000    -12.334926      0.0000000000      639.9999999999
   3446  -0.51820      0.0000000000    -12.307714      0.0000000000      639.9999999999
   3456  -0.51720      0.0000000000    -12.280503      0.0000000000      639.9999999999
   3466  -0.51620      0.0000000000    -12.253292      0.0000000000      639.9999999999
   3476  -0.51520      0.0000000000    -12.226080      0.0000000000      639.9999999999
   3486  -0.51420      0.0000000000    -12.198869      0.0000000000      639.9999999999
   3496  -0.51320      0.0000000000    -12.171657      0.0000000000      639.9999999999
   3506  -0.51220      0.0000000000    -12.144446      0.0000000000      639.9999999999
   3516  -0.51120      0.0000000000    -12.117235      0.0000000000      639.9999999999
   3526  -0.51020      0.0000000000    -12.090023      0.0000000000      639.9999999999
   3536  -0.50920      0.0000000000    -12.062812      0.0000000000      639.9999999999
   3546  -0.50820      0.0000000000    -12.035601      0.0000000000      639.9999999999
   3556  -0.50720      0.0000000000    -12.008389      0.0000000000      639.9999999999
   3566  -0.50620      0.0000000000    -11.981178      0.0000000000      639.9999999999
   3576  -0.50520      0.0000000000    -11.953966      0.0000000000      639.9999999999
   3586  -0.50420      0.0000000000    -11.926755      0.0000000000      639.9999999999
   3596  -0.50320      0.0000000000    -11.899544      0.0000000000      639.9999999999
   3606  -0.50220      0.0000000000    -11.872332      0.0000000000      639.9999999999
   3616  -0.50120      0.0000000000    -11.845121      0.0000000000      639.9999999999
   3626  -0.50020      0.0000000000    -11.817909      0.0000000000      639.9999999999
   3636  -0.49920      0.0000000000    -11.790698      0.0000000000      639.9999999999
   3646  -0.49820      0.0000000000    -11.763487      0.0000000000      639.9999999999
   3656  -0.49720      0.0000000000    -11.736275      0.0000000000      639.9999999999
   3666  -0.49620      0.0000000000    -11.709064      0.0000000000      639.9999999999
   3676  -0.49520      0.0000000000    -11.681852      0.0000000000      639.9999999999
   3686  -0.49420      0.0000000000    -11.654641      0.0000000000      639.9999999999
   3696  -0.49320      0.0000000000    -11.627430      0.0000000000      639.9999999999
   3706  -0.49220      0.0000000000    -11.600218      0.0000000000      639.9999999999
   3716  -0.49120      0.0000000000    -11.573007      0.0000000000      639.9999999999
   3726  -0.49020      0.0000000000    -11.545795      0.0000000000      639.9999999999
   3736  -0.48920      0.0000000000    -11.518584      0.0000000000      639.9999999999
   3746  -0.48820      0.0000000000    -11.491373      0.0000000000      639.9999999999
   3756  -0.48720      0.0000000000    -11.464161      0.0000000000      639.9999999999
   3766  -0.48620      0.0000000000    -11.436950      0.0000000000      639.9999999999
   3776  -0.48520      0.0000000000    -11.409738      0.0000000000      639.9999999999
   3786  -0.48420      0.0000000000    -11.382527      0.0000000000      639.9999999999
   3796  -0.48320      0.0000000000    -11.355316      0.0000000000      639.9999999999
   3806  -0.48220      0.0000000000    -11.328104      0.0000000000      639.9999999999
   3816  -0.48120      0.0000000000    -11.300893      0.0000000000      639.9999999999
   3826  -0.48020      0.0000000000    -11.273681      0.0000000000      639.9999999999
   3836  -0.47920      0.0000000000    -11.246470      0.0000000000      639.9999999999
   3846  -0.47820      0.0000000000    -11.219259      0.0000000000      639.9999999999
   3856  -0.47720      0.0000000000    -11.192047      0.0000000000      639.9999999999
   3866  -0.47620      0.0000000000    -11.164836      0.0000000000      639.9999999999
   3876  -0.47520      0.0000000000    -11.137624      0.0000000000      639.9999999999
   3886  -0.47420      0.0000000000    -11.110413      0.0000000000      639.9999999999
   3896  -0.47320      0.0000000000    -11.083202      0.0000000000      639.9999999999
   3906  -0.47220      0.0000000000    -11.055990      0.0000000000      639.9999999999
   3916  -0.47120      0.0000000000    -11.028779      0.0000000000      639.9999999999
   3926  -0.47020      0.0000000000    -11.001567      0.0000000000      639.9999999999
   3936  -0.46920      0.0000000000    -10.974356      0.0000000000      639.9999999999
   3946  -0.46820      0.0000000000    -10.947145      0.0000000000      639.9999999999
   3956  -0.46720      0.0000000000    -10.919933      0.0000000000      639.9999999999
   3966  -0.46620      0.0000000000    -10.892722      0.0000000000      639.9999999999
   3976  -0.46520      0.0000000000    -10.865510      0.0000000000      639.9999999999
   3986  -0.46420      0.0000000000    -10.838299      0.0000000000      639.9999999999
   3996  -0.46320      0.0000000000    -10.811088      0.0000000000      639.9999999999
   4006  -0.46220      0.0000000000    -10.783876      0.0000000000      639.9999999999
   4016  -0.46120      0.0000000000    -10.756665      0.0000000000      639.9999999999
   4026  -0.46020      0.0000000000    -10.729454      0.0000000000      639.9999999999
   4036  -0.45920      0.0000000000    -10.702242      0.0000000000      639.9999999999
   4046  -0.45820      0.0000000000    -10.675031      0.0000000000      639.9999999999
   4056  -0.45720      0.0000000000    -10.647819      0.0000000000      639.9999999999
   4066  -0.45620      0.0000000000    -10.620608      0.0000000000      639.9999999999
   4076  -0.45520      0.0000000000    -10.593397      0.0000000000      639.9999999999
   4086  -0.45420      0.0000000000    -10.566185      0.0000000000      639.9999999999
   4096  -0.45320      0.0000000000    -10.538974      0.0000000000      639.9999999999
   4106  -0.45220      0.0000000000    -10.511762      0.0000000000      639.9999999999
   4116  -0.45120      0.0000000000    -10.484551      0.0000000000      639.9999999999
   4126  -0.45020      0.0000000000    -10.457340      0.0000000000      639.9999999999
   4136  -0.44920      0.0000000000    -10.430128      0.0000000000      639.9999999999
   4146  -0.44820      0.0000000000    -10.402917      0.0000000000      639.9999999999
   4156  -0.44720      0.0000000000    -10.375705      0.0000000000      639.9999999999
   4166  -0.44620      0.0000000000    -10.348494      0.0000000000      639.9999999999
   4176  -0.44520      0.0000000000    -10.321283      0.0000000000      639.9999999999
   4186  -0.44420      0.0000000000    -10.294071      0.0000000000      639.9999999999
   4196  -0.44320      0.0000000000    -10.266860      0.0000000000      639.9999999999
   4206  -0.44220      0.0000000000    -10.239648      0.0000000000      639.9999999999
   4216  -0.44120      0.0000000000    -10.212437      0.0000000000      639.9999999999
   4226  -0.44020      0.0000000000    -10.185226      0.0000000000      639.9999999999
   4236  -0.43920      0.0000000000    -10.158014      0.0000000000      639.9999999999
   4246  -0.43820      0.0000000000    -10.130803      0.0000000000      639.9999999999
   4256  -0.43720      0.0000000000    -10.103591      0.0000000000      639.9999999999
   4266  -0.43620      0.0000000000    -10.076380      0.0000000000      639.9999999999
   4276  -0.43520      0.0000000000    -10.049169      0.0000000000      639.9999999999
   4286  -0.43420      0.0000000000    -10.021957      0.0000000000      639.9999999999
   4296  -0.43320      0.0000000001     -9.994746      0.0000000000      639.9999999999
   4306  -0.43220      0.0000001595     -9.967534      0.0000000059      640.0000000000
   4316  -0.43120      0.0000680209     -9.940323      0.0000024997      640.0000000155
   4326  -0.43020      0.0109632311     -9.913112      0.0004028912      640.0000028774
   4336  -0.42920      0.6729990935     -9.885900      0.0247322515      640.0002094893
   4346  -0.42820     15.8955290439     -9.858689      0.5841497054      640.0061627245
   4356  -0.42720    146.1646956470     -9.831477      5.3714515360      640.0760138653
   4366  -0.42620    529.4336751199     -9.804266     19.4563216162      640.4165433886
   4376  -0.42520    762.0441254772     -9.777055     28.0045948865      641.1176332752
   4386  -0.42420    437.0856721803     -9.749843     16.0625963391      641.7324175698
   4396  -0.42320     99.4806527405     -9.722632      3.6558452272      641.9616660061
   4406  -0.42220      8.8983814160     -9.695420      0.3270093665      641.9976106959
   4416  -0.42120      0.3090953126     -9.668209      0.0113590391      641.9999383704
   4426  -0.42020      0.0041216233     -9.640998      0.0001514668      641.9999993631
   4436  -0.41920      0.0000209944     -9.613786      0.0000007715      641.9999999974
   4446  -0.41820      0.0000538109     -9.586575      0.0000019775      642.0000000119
   4456  -0.41720      0.0108836992     -9.559363      0.0003999684      642.0000027593
   4466  -0.41620      0.8373108084     -9.532152      0.0307705935      642.0002494749
   4476  -0.41520     24.7211004645     -9.504941      0.9084833548      642.0090531787
   4486  -0.41420    283.3470001096     -9.477729     10.4128064046      642.1363614372
   4496  -0.41320   1275.9654811873     -9.450518     46.8908494865      642.8978064645
   4506  -0.41220   2279.6014955571     -9.423306     83.7737793015      644.8149023239
   4516  -0.41120   1622.8821637496     -9.396095     59.6397977819      646.8683675484
   4526  -0.41020    459.1817906320     -9.368884     16.8746134193      647.8049225750
   4536  -0.40920     51.1926570504     -9.341672      1.8812947622      647.9851386553
   4546  -0.40820      2.2226842232     -9.314461      0.0816821089      647.9995268549
   4556  -0.40720      0.0371416843     -9.287250      0.0013649312      647.9999939262
   4566  -0.40620      0.0002664677     -9.260038      0.0000097925      647.9999999759
   4576  -0.40520      0.0066958513     -9.232827      0.0002460679      648.0000016734
   4586  -0.40420      0.5670103011     -9.205615      0.0208372366      648.0001659520
   4596  -0.40320     18.4087711154     -9.178404      0.6765096144      648.0065875331
   4606  -0.40220    231.7428403693     -9.151193      8.5163892030      648.1081045375
   4616  -0.40120   1144.8789788805     -9.123981     42.0735111337      648.7705773114
   4626  -0.40020   2242.2021484501     -9.096770     82.3993791458      650.5876297279
   4636  -0.39920   1749.6095645624     -9.069558     64.2969421678      652.7065916710
   4646  -0.39820    542.9049812232     -9.042347     19.9513828041      653.7591560645
   4656  -0.39720     66.4490311957     -9.015136      2.4419559669      653.9800370773
   4666  -0.39620      3.1712526678     -8.987924      0.1165413436      653.9993053957
   4676  -0.39520      0.0634461446     -8.960713      0.0023316020      653.9999915412
   4686  -0.39420      0.3687020969     -8.933501      0.0135495472      654.0001111403
   4696  -0.39320     10.1491363844     -8.906290      0.3729737470      654.0037812153
   4706  -0.39220    108.6714814862     -8.879079      3.9936018309      654.0535308356
   4716  -0.39120    457.5611673407     -8.851867     16.8150566336      654.3328670462
   4726  -0.39020    766.2314903340     -8.824656     28.1584776507      654.9942267993
   4736  -0.38920    548.8704412637     -8.797444     20.1706093373      655.6743418565
   4746  -0.38820    523.0227924414     -8.770233     19.2207261090      656.1417985876
   4756  -0.38720   1512.2520419961     -8.743022     55.5742172750      657.1358972181
   4766  -0.38620   2296.7582187947     -8.715810     84.4042770218      659.1970736111
   4776  -0.38520   1402.4146599565     -8.688599     51.5377694046      661.1092607828
   4786  -0.38420    340.0466627674     -8.661387     12.4964798165      661.8652769809
   4796  -0.38320     32.4293139843     -8.634176      1.1917548738      661.9910960103
   4806  -0.38220      1.2161662541     -8.606965      0.0446932692      661.9997593441
   4816  -0.38120      1.2038552987     -8.579753      0.0442408501      662.0003453539
   4826  -0.38020     38.1094197973     -8.552542      1.4004948363      662.0136732415
   4836  -0.37920    474.6091364888     -8.525330     17.4415577162      662.2221781712
   4846  -0.37820   2321.3905458147     -8.498119     85.3094980139      663.5696919672
   4856  -0.37720   4537.7924001969     -8.470908    166.7607341859      667.2437737758
   4866  -0.37620   3878.7661282068     -8.443696    142.5419742091      671.6611447003
   4876  -0.37520   2600.4657383891     -8.416485     95.5653184443      674.7133524137
   4886  -0.37420   2422.3078397564     -8.389273     89.0181388123      677.2218933222
   4896  -0.37320   1371.4853553181     -8.362062     50.4011388375      679.1443764265
   4906  -0.37220    322.7905746925     -8.334851     11.8623305072      679.8735780759
   4916  -0.37120     29.9844122000     -8.307639      1.1019064231      679.9918418345
   4926  -0.37020      1.0824806223     -8.280428      0.0397804147      679.9997817518
   4936  -0.36920      0.0150085526     -8.253216      0.0005515539      679.9999976585
   4946  -0.36820      0.0000803629     -8.226005      0.0000029533      679.9999999903
   4956  -0.36720      0.0004532839     -8.198794      0.0000166579      680.0000001056
   4966  -0.36620      0.0634517823     -8.171582      0.0023318091      680.0000170304
   4976  -0.36520      3.3886722222     -8.144371      0.1245313619      680.0010851738
   4986  -0.36420     69.7444689339     -8.117159      2.5630610260      680.0280656991
   4996  -0.36320    559.8392811457     -8.089948     20.5737066213      680.3064185832
   5006  -0.36220   1772.8994806307     -8.062737     65.1528304854      681.5028168674
   5016  -0.36120   2232.8772417394     -8.035525     82.0566952695      683.6783929401
   5026  -0.36020   1120.4241983774     -8.008314     41.1748148534      685.3641059654
   5036  -0.35920    222.8411716508     -7.981102      8.1892590304      685.9189329708
   5046  -0.35820     17.3894075158     -7.953891      0.6390487066      685.9955429482
   5056  -0.35720      0.5260453494     -7.926680      0.0193318030      685.9998991545
   5066  -0.35620      0.0060998966     -7.899468      0.0002241670      685.9999990894
   5076  -0.35520      0.0002365354     -7.872257      0.0000086925      686.0000000448
   5086  -0.35420      0.0336362859     -7.845046      0.0012361103      686.0000088349
   5096  -0.35320      2.0553560452     -7.817834      0.0755329140      686.0006403674
   5106  -0.35220     48.3546321658     -7.790623      1.7769993094      686.0187651418
   5116  -0.35120    444.9078506602     -7.763411     16.3500559915      686.2311915340
   5126  -0.35020   1664.5436412073     -7.736200     61.1708282821      687.2840489335
   5136  -0.34920   2999.5752395377     -7.708989    110.2323167471      689.7216355995
   5146  -0.34820   4180.2379494206     -7.681777    153.6208552614      693.3438640050
   5156  -0.34720   4890.5286446644     -7.654566    179.7235473588      698.0726110807
   5166  -0.34620   2952.3437987917     -7.627354    108.4965939461      702.0875770186
   5176  -0.34520    740.8770109949     -7.600143     27.2267180600      703.7011103841
   5186  -0.34420     73.6496758435     -7.572932      2.7065746806      703.9794741638
   5196  -0.34320      2.8497280548     -7.545720      0.1047255363      703.9994137052
   5206  -0.34220      0.0423857676     -7.518509      0.0015576477      703.9999932703
   5216  -0.34120      0.0002399135     -7.491297      0.0000088167      703.9999999696
   5226  -0.34020      0.0000005128     -7.464086      0.0000000188      703.9999999999
   5236  -0.33920      0.0000000004     -7.436875      0.0000000000      703.9999999999
   5246  -0.33820      0.0000000000     -7.409663      0.0000000000      703.9999999999
   5256  -0.33720      0.0000000000     -7.382452      0.0000000000      703.9999999999
   5266  -0.33620      0.0000000000     -7.355240      0.0000000000      703.9999999999
   5276  -0.33520      0.0000000000     -7.328029      0.0000000000      703.9999999999
   5286  -0.33420      0.0000000000     -7.300818      0.0000000000      703.9999999999
   5296  -0.33320      0.0000000000     -7.273606      0.0000000000      703.9999999999
   5306  -0.33220      0.0000000000     -7.246395      0.0000000000      703.9999999999
   5316  -0.33120      0.0000000000     -7.219183      0.0000000000      703.9999999999
   5326  -0.33020      0.0000000000     -7.191972      0.0000000000      703.9999999999
   5336  -0.32920      0.0000000000     -7.164761      0.0000000000      703.9999999999
   5346  -0.32820      0.0000000000     -7.137549      0.0000000000      703.9999999999
   5356  -0.32720      0.0000000000     -7.110338      0.0000000000      703.9999999999
   5366  -0.32620      0.0000000000     -7.083126      0.0000000000      703.9999999999
   5376  -0.32520      0.0000000000     -7.055915      0.0000000000      703.9999999999
   5386  -0.32420      0.0000000000     -7.028704      0.0000000000      703.9999999999
   5396  -0.32320      0.0000000000     -7.001492      0.0000000000      703.9999999999
   5406  -0.32220      0.0000000000     -6.974281      0.0000000000      703.9999999999
   5416  -0.32120      0.0000000000     -6.947069      0.0000000000      703.9999999999
   5426  -0.32020      0.0000000000     -6.919858      0.0000000000      703.9999999999
   5436  -0.31920      0.0000000000     -6.892647      0.0000000000      703.9999999999
   5446  -0.31820      0.0000000000     -6.865435      0.0000000000      703.9999999999
   5456  -0.31720      0.0000000000     -6.838224      0.0000000000      703.9999999999
   5466  -0.31620      0.0000000000     -6.811012      0.0000000000      703.9999999999
   5476  -0.31520      0.0000000000     -6.783801      0.0000000000      703.9999999999
   5486  -0.31420      0.0000000000     -6.756590      0.0000000000      703.9999999999
   5496  -0.31320      0.0000000000     -6.729378      0.0000000000      703.9999999999
   5506  -0.31220      0.0000000003     -6.702167      0.0000000000      703.9999999999
   5516  -0.31120      0.0000003615     -6.674955      0.0000000133      704.0000000000
   5526  -0.31020      0.0001780447     -6.647744      0.0000065430      704.0000000400
   5536  -0.30920      0.0331033543     -6.620533      0.0012165254      704.0000084998
   5546  -0.30820      2.3421767167     -6.593321      0.0860733754      704.0007090168
   5556  -0.30720     63.7697251389     -6.566110      2.3434933212      704.0238263269
   5566  -0.30620    679.3422703249     -6.538898     24.9653588732      704.3349973087
   5576  -0.30520   2918.6937377834     -6.511687    107.2599774629      706.0986317694
   5586  -0.30420   5423.5523400082     -6.484476    199.3117997368      710.5359857080
   5596  -0.30320   5077.2985275617     -6.457264    186.5872114600      716.0277771785
   5606  -0.30220   2820.4867406825     -6.430053    103.6509382001      719.9155769316
   5616  -0.30120    879.4675287129     -6.402842     32.3198237924      721.5793347840
   5626  -0.30020    127.2526168296     -6.375630      4.6764457115      721.9585230681
   5636  -0.29920      7.5823727681     -6.348419      0.2786469583      721.9982133666
   5646  -0.29820      0.1770894770     -6.321207      0.0065079159      721.9999683548
   5656  -0.29720      0.0015868464     -6.293996      0.0000583155      721.9999997771
   5666  -0.29620      0.0000144932     -6.266785      0.0000005326      722.0000000013
   5676  -0.29520      0.0024635312     -6.239573      0.0000905331      722.0000005990
   5686  -0.29420      0.2528473632     -6.212362      0.0092919658      722.0000715006
   5696  -0.29320      9.9284321095     -6.185150      0.3648630175      722.0033987973
   5706  -0.29220    150.8058790365     -6.157939      5.5420118176      722.0662926073
   5716  -0.29120    896.8301541496     -6.130728     32.9578882761      722.5550713181
   5726  -0.29020   2110.6851098155     -6.103516     77.5662188805      724.1465369429
   5736  -0.28920   1978.2511283072     -6.076305     72.6993615984      726.3461628251
   5746  -0.28820    738.0146434082     -6.049093     27.1215280297      727.6417606292
   5756  -0.28720    108.8173595783     -6.021882      3.9989627500      727.9649144976
   5766  -0.28620      6.2756186339     -5.994671      0.2306246471      727.9985447365
   5776  -0.28520      0.5432191572     -5.967459      0.0199629286      728.0000917945
   5786  -0.28420     14.2127039150     -5.940248      0.5223070451      728.0049886577
   5796  -0.28320    193.8144586653     -5.913036      7.1225473914      728.0881095277
   5806  -0.28220   1036.2699220601     -5.885825     38.0822033661      728.6724493414
   5816  -0.28120   2194.9059214194     -5.858614     80.6612754936      730.3967475286
   5826  -0.28020   1851.9833488063     -5.831402     68.0591079780      732.5586775428
   5836  -0.27920    621.6745023365     -5.804191     22.8461082596      733.7135873373
   5846  -0.27820     82.3851728979     -5.776979      3.0275981594      733.9745012322
   5856  -0.27720      4.2614432821     -5.749768      0.1566050951      733.9990432437
   5866  -0.27620      0.0850134926     -5.722557      0.0031241871      733.9999854445
   5876  -0.27520      0.0007346429     -5.695345      0.0000269976      733.9999999318
   5886  -0.27420      0.0183206041     -5.668134      0.0006732695      734.0000046204
   5896  -0.27320      1.4584925028     -5.640922      0.0535985914      734.0004317720
   5906  -0.27220     44.5470265719     -5.613711      1.6370724356      734.0161783666
   5916  -0.27120    527.9783384254     -5.586500     19.4028389986      734.2512480454
   5926  -0.27020   2457.5713802967     -5.559288     90.3140495530      735.7016620875
   5936  -0.26920   4537.0946772583     -5.532077    166.7350933502      739.4667986515
   5946  -0.26820   3337.6505824577     -5.504865    122.6563519218      743.6241037741
   5956  -0.26720    976.0335867829     -5.477654     35.8685596800      745.5789401536
   5966  -0.26620    112.5068082175     -5.450443      4.1345474373      745.9669392568
   5976  -0.26520      5.0527555995     -5.423231      0.1856852758      745.9989134468
   5986  -0.26420      0.0879396940     -5.396020      0.0032317230      745.9999857237
   5996  -0.26320      0.0631668499     -5.368808      0.0023213381      746.0000174150
   6006  -0.26220      2.6306699731     -5.341597      0.0966753032      746.0008869170
   6016  -0.26120     42.7337385449     -5.314386      1.5704353540      746.0184074300
   6026  -0.26020    271.5570349293     -5.287174      9.9795333335      746.1633575585
   6036  -0.25920    682.4778906369     -5.259963     25.0805907523      746.6651796848
   6046  -0.25820    682.9008750669     -5.232751     25.0961351377      747.4021699924
   6056  -0.25720    272.0639735405     -5.205540      9.9981629770      747.8634570467
   6066  -0.25620     42.9244266055     -5.178329      1.5774430084      747.9858300236
   6076  -0.25520      5.7633834528     -5.151117      0.2118003582      748.0003680076
   6086  -0.25420     65.7434264692     -5.123906      2.4160254809      748.0262578131
   6096  -0.25320    538.9029155267     -5.096694     19.8043096560      748.2924836204
   6106  -0.25220   1743.9962871166     -5.069483     64.0906581016      749.4601888314
   6116  -0.25120   2244.3301289619     -5.042272     82.4775809587      751.6265557506
   6126  -0.25020   1150.7536912003     -5.015060     42.2894027509      753.3390100690
   6136  -0.24920    233.9137557017     -4.987849      8.5961688409      753.9141220754
   6146  -0.24820     18.6605159210     -4.960638      0.6857610620      753.9951815184
   6156  -0.24720      0.5772485250     -4.933426      0.0212134843      753.9998886409
   6166  -0.24620      0.0068459618     -4.906215      0.0002515844      753.9999989722
   6176  -0.24520      0.0000308346     -4.879003      0.0000011332      753.9999999962
   6186  -0.24420      0.0000000524     -4.851792      0.0000000019      753.9999999999
   6196  -0.24320      0.0000000000     -4.824581      0.0000000000      753.9999999999
   6206  -0.24220      0.0000000000     -4.797369      0.0000000000      753.9999999999
   6216  -0.24120      0.0000000000     -4.770158      0.0000000000      753.9999999999
   6226  -0.24020      0.0000000000     -4.742946      0.0000000000      753.9999999999
   6236  -0.23920      0.0000000081     -4.715735      0.0000000003      753.9999999999
   6246  -0.23820      0.0000062078     -4.688524      0.0000002281      754.0000000012
   6256  -0.23720      0.0017859347     -4.661312      0.0000656319      754.0000004306
   6266  -0.23620      0.1947123299     -4.634101      0.0071555435      754.0000544879
   6276  -0.23520      8.1165198251     -4.606889      0.2982764934      754.0027414646
   6286  -0.23420    130.7800435565     -4.579678      4.8060762056      754.0564705461
   6296  -0.23320    824.4101156492     -4.552467     30.2965019180      754.4976236885
   6306  -0.23220   2055.4996277359     -4.525255     75.5381905583      756.0136003582
   6316  -0.23120   2040.5458226684     -4.498044     74.9886485581      758.2237013354
   6326  -0.23020    806.5020160260     -4.470832     29.6383916349      759.5968799656
   6336  -0.22920    126.0585699967     -4.443621      4.6325653157      759.9584177313
   6346  -0.22820      7.7070271893     -4.416410      0.2832279221      759.9981763209
   6356  -0.22720      0.1821023920     -4.389198      0.0066921370      759.9999673850
   6366  -0.22620      0.0016448428     -4.361987      0.0000604468      759.9999997686
   6376  -0.22520      0.0000056296     -4.334775      0.0000002069      759.9999999993
   6386  -0.22420      0.0000000073     -4.307564      0.0000000003      759.9999999999
   6396  -0.22320      0.0000000000     -4.280353      0.0000000000      759.9999999999
   6406  -0.22220      0.0000000000     -4.253141      0.0000000000      759.9999999999
   6416  -0.22120      0.0000000000     -4.225930      0.0000000000      759.9999999999
   6426  -0.22020      0.0000000000     -4.198718      0.0000000000      759.9999999999
   6436  -0.21920      0.0000000000     -4.171507      0.0000000000      759.9999999999
   6446  -0.21820      0.0000000000     -4.144296      0.0000000000      759.9999999999
   6456  -0.21720      0.0000000000     -4.117084      0.0000000000      759.9999999999
   6466  -0.21620      0.0000000000     -4.089873      0.0000000000      759.9999999999
   6476  -0.21520      0.0000000000     -4.062661      0.0000000000      759.9999999999
   6486  -0.21420      0.0000000000     -4.035450      0.0000000000      759.9999999999
   6496  -0.21320      0.0000000000     -4.008239      0.0000000000      759.9999999999
   6506  -0.21220      0.0000000000     -3.981027      0.0000000000      759.9999999999
   6516  -0.21120      0.0000000000     -3.953816      0.0000000000      759.9999999999
   6526  -0.21020      0.0000000000     -3.926604      0.0000000000      759.9999999999
   6536  -0.20920      0.0000000000     -3.899393      0.0000000000      759.9999999999
   6546  -0.20820      0.0000000000     -3.872182      0.0000000000      759.9999999999
   6556  -0.20720      0.0000000000     -3.844970      0.0000000000      759.9999999999
   6566  -0.20620      0.0000000003     -3.817759      0.0000000000      759.9999999999
   6576  -0.20520      0.0000003175     -3.790547      0.0000000117      760.0000000000
   6586  -0.20420      0.0001439194     -3.763336      0.0000052889      760.0000000326
   6596  -0.20320      0.0246426479     -3.736125      0.0009056003      760.0000064074
   6606  -0.20220      1.6061686887     -3.708913      0.0590255891      760.0004940596
   6616  -0.20120     40.2512416604     -3.681702      1.4792053094      760.0153650556
   6626  -0.20020    392.4144124667     -3.654491     14.4209584214      760.1997958299
   6636  -0.19920   1505.9741261452     -3.627279     55.3435082068      761.1490268570
   6646  -0.19820   2295.7112083989     -3.600068     84.3658001135      763.2105583012
   6656  -0.19720   1394.5988134688     -3.572856     51.2505424485      765.1170340782
   6666  -0.19620    336.3274325892     -3.545645     12.3598006782      765.8670691292
   6676  -0.19520     31.8992634541     -3.518434      1.1722758832      765.9912583163
   6686  -0.19420      1.1758077286     -3.491222      0.0432101213      765.9997615026
   6696  -0.19320      0.0166486633     -3.464011      0.0006118269      765.9999973890
   6706  -0.19220      0.0000896680     -3.436799      0.0000032952      765.9999999887
   6716  -0.19120      0.0000001823     -3.409588      0.0000000067      765.9999999999
   6726  -0.19020      0.0000000001     -3.382377      0.0000000000      765.9999999999
   6736  -0.18920      0.0000000000     -3.355165      0.0000000000      765.9999999999
   6746  -0.18820      0.0000000000     -3.327954      0.0000000000      765.9999999999
   6756  -0.18720      0.0000000000     -3.300742      0.0000000000      765.9999999999
   6766  -0.18620      0.0000000000     -3.273531      0.0000000000      765.9999999999
   6776  -0.18520      0.0000000000     -3.246320      0.0000000000      765.9999999999
   6786  -0.18420      0.0000000000     -3.219108      0.0000000000      765.9999999999
   6796  -0.18320      0.0000000000     -3.191897      0.0000000000      765.9999999999
   6806  -0.18220      0.0000000000     -3.164685      0.0000000000      765.9999999999
   6816  -0.18120      0.0000000000     -3.137474      0.0000000000      765.9999999999
   6826  -0.18020      0.0000000000     -3.110263      0.0000000000      765.9999999999
   6836  -0.17920      0.0000000000     -3.083051      0.0000000000      765.9999999999
   6846  -0.17820      0.0000000000     -3.055840      0.0000000000      765.9999999999
   6856  -0.17720      0.0000000000     -3.028628      0.0000000000      765.9999999999
   6866  -0.17620      0.0000000000     -3.001417      0.0000000000      765.9999999999
   6876  -0.17520      0.0000000005     -2.974206      0.0000000000      765.9999999999
   6886  -0.17420      0.0000005526     -2.946994      0.0000000203      766.0000000000
   6896  -0.17320      0.0002309933     -2.919783      0.0000084888      766.0000000530
   6906  -0.17220      0.0365770717     -2.892571      0.0013441821      766.0000096249
   6916  -0.17120      2.2224994824     -2.865360      0.0816753198      766.0006927697
   6926  -0.17020     53.0737907962     -2.838149      1.9504251272      766.0204762557
   6936  -0.16920    522.2831598295     -2.810937     19.1935451217      766.2637789224
   6946  -0.16820   2309.7507066364     -2.783726     84.8817419696      767.6311453712
   6956  -0.16720   5111.9008084107     -2.756514    187.8588213641      771.4937584036
   6966  -0.16620   5875.6404616263     -2.729303    215.9257257231      777.3342973392
   6976  -0.16520   3256.1771348790     -2.702092    119.6622590377      781.9386968115
   6986  -0.16420    787.8698156544     -2.674880     28.9536711498      783.6832524609
   6996  -0.16320     77.9562635413     -2.647669      2.8648388018      783.9782218825
   7006  -0.16220      3.0424182379     -2.620457      0.1118067673      783.9993717390
   7016  -0.16120      0.0458680841     -2.593246      0.0016856204      783.9999926901
   7026  -0.16020      0.0002636309     -2.566035      0.0000096883      783.9999999665
   7036  -0.15920      0.0000029965     -2.538823      0.0000001101      784.0000000004
   7046  -0.15820      0.0009390124     -2.511612      0.0000345081      784.0000002176
   7056  -0.15720      0.1382030015     -2.484400      0.0050788648      784.0000367891
   7066  -0.15620      7.7960495190     -2.457189      0.2864994312      784.0024678077
   7076  -0.15520    170.3992547885     -2.429978      6.2620548335      784.0674262543
   7086  -0.15420   1461.0719522867     -2.402766     53.6933843538      784.7795801303
   7096  -0.15320   4975.0932948676     -2.375555    182.8312398027      788.0484215561
   7106  -0.15220   6806.4000422525     -2.348343    250.1304969702      794.4391226380
   7116  -0.15120   3903.5551977441     -2.321132    143.4529553804      799.8767012962
   7126  -0.15020   1406.8968459571     -2.293921     51.7024866421      802.1931507644
   7136  -0.14920    814.5064869983     -2.266709     29.9325504104      803.2097417298
   7146  -0.14820    374.4368167548     -2.239498     13.7602942051      803.7887419048
   7156  -0.14720     73.7921109719     -2.212287      2.7118090731      803.9731972113
   7166  -0.14620      5.7377945930     -2.185075      0.2108599853      803.9985309486
   7176  -0.14520      0.1761055848     -2.157864      0.0064717585      803.9999676064
   7186  -0.14420      0.3485216378     -2.130652      0.0128079293      804.0000962288
   7196  -0.14320     14.8316716436     -2.103441      0.5450536813      804.0049802884
   7206  -0.14220    245.3037801351     -2.076230      9.0147443660      804.1050987330
   7216  -0.14120   1586.8228165483     -2.049018     58.3146416965      804.9474135041
   7226  -0.14020   4063.1190346700     -2.021807    149.3168160969      807.9132383353
   7236  -0.13920   4220.5394091883     -1.994595    155.1019060515      812.3727413570
   7246  -0.13820   2323.9756442995     -1.967384     85.4044985964      815.5180909875
   7256  -0.13720   2186.5884705527     -1.940173     80.3556149232      817.6003225270
   7266  -0.13620   2561.9773357846     -1.912961     94.1508962518      820.0582983640
   7276  -0.13520   2519.1068409290     -1.885750     92.5754351979      822.5671631735
   7286  -0.13420   3004.8434089314     -1.858538    110.4259183310      825.3357203067
   7296  -0.13320   3184.7132718739     -1.831327    117.0360114681      828.4882965335
   7306  -0.13220   2615.2018680995     -1.804116     96.1068610256      831.4427136272
   7316  -0.13120   1209.2907756463     -1.776904     44.4406001434      833.3105249986
   7326  -0.13020    261.6981067880     -1.749693      9.6172245388      833.9166477617
   7336  -0.12920    248.5902856807     -1.722481      9.1355211732      834.1014981485
   7346  -0.12820   1137.8401869666     -1.695270     41.8148403961      834.7633334242
   7356  -0.12720   2239.4698348881     -1.668059     82.2989685110      836.5742883057
   7366  -0.12620   1761.7102030099     -1.640847     64.7416322668      838.6981720757
   7376  -0.12520    637.8784845178     -1.613636     23.4415934045      839.7932743287
   7386  -0.12420    723.0089544517     -1.586424     26.5700793324      840.3520065339
   7396  -0.12320   1894.8494487637     -1.559213     69.6344075224      841.6923052429
   7406  -0.12220   2171.9455009138     -1.532002     79.8174959102      843.8968193565
   7416  -0.12120    993.3086539591     -1.504790     36.5034064582      845.4640342128
   7426  -0.12020    179.9172284676     -1.477579      6.6118337874      845.9370387707
   7436  -0.11920     13.3575738791     -1.450367      0.4908816073      845.9969942834
   7446  -0.11820     23.8958652960     -1.423156      0.8781565328      846.0079481444
   7456  -0.11720    372.5298747684     -1.395945     13.6902154052      846.1615594129
   7466  -0.11620   2353.7440337308     -1.368733     86.4984663321      847.4183330877
   7476  -0.11520   5997.5625133171     -1.341522    220.4062768502      851.7987247264
   7486  -0.11420   6195.7173209936     -1.314310    227.6883290677      858.3798363612
   7496  -0.11320   2591.2756124425     -1.287099     95.2275876680      862.6568667058
   7506  -0.11220    435.2711329741     -1.259888     15.9959132775      863.8516085479
   7516  -0.11120     29.0384201517     -1.232676      1.0671418692      863.9929345370
   7526  -0.11020      2.9513228058     -1.205465      0.1084590732      864.0005470882
   7536  -0.10920     50.7352642175     -1.178253      1.8644858918      864.0197808756
   7546  -0.10820    456.4730111225     -1.151042     16.7750676447      864.2392898496
   7556  -0.10720   1618.4332494823     -1.123831     59.4763032577      865.2881502841
   7566  -0.10620   2280.5269810785     -1.096619     83.8077902548      867.4053029521
   7576  -0.10520   1280.5520897391     -1.069408     47.0594041805      869.2256497762
   7586  -0.10420    287.4382266489     -1.042196     10.5631561521      869.8917729357
   7596  -0.10320     75.3499152320     -1.014985      2.7690573029      870.0129799001
   7606  -0.10220    455.2986204902     -0.987774     16.7319096007      870.2378494265
   7616  -0.10120   1615.2348785416     -0.960562     59.3587653363      871.2838674043
   7626  -0.10020   2287.1365637882     -0.933351     84.0506878508      873.4014490950
   7636  -0.09920   1388.4949164294     -0.906139     51.0262284513      875.2664867201
   7646  -0.09820   1007.0610280904     -0.878928     37.0087967019      876.3094242409
   7656  -0.09720   1988.5176283989     -0.851717     73.0766483806      877.8120834866
   7666  -0.09620   2176.7359584809     -0.824505     79.9935419146      880.0506989596
   7676  -0.09520   1314.7940347112     -0.797294     48.3177719902      881.7416117726
   7686  -0.09420   1371.0659043186     -0.770083     50.3857243032      882.9984685848
   7696  -0.09320   1484.2098765607     -0.742871     54.5436870780      884.5088539145
   7706  -0.09220    712.6999570935     -0.715660     26.1912308051      885.6038235384
   7716  -0.09120    136.4649472576     -0.688448      5.0149924872      885.9511292454
   7726  -0.09020     10.2508280625     -0.661237      0.3767108459      885.9974059328
   7736  -0.08920      0.3139641198     -0.634026      0.0115379644      885.9999474184
   7746  -0.08820      1.1201207564     -0.606814      0.0411636636      886.0003368648
   7756  -0.08720     30.6930281374     -0.579603      1.1279475690      886.0114429130
   7766  -0.08620    327.7718973251     -0.552391     12.0453906708      886.1616070686
   7776  -0.08520   1376.3948617815     -0.525180     50.5815598066      887.0026598160
   7786  -0.08420   2294.3175224775     -0.497969     84.3145831192      888.9877330288
   7796  -0.08320   1524.0324069677     -0.470757     56.0071375451      890.9818579467
   7806  -0.08220    402.1615330587     -0.443546     14.7791583659      891.8345158987
   7816  -0.08120     41.7809640065     -0.416334      1.5354215482      891.9881753570
   7826  -0.08020      1.6889072164     -0.389123      0.0620661728      891.9996480402
   7836  -0.07920      0.0262532289     -0.361912      0.0009647880      891.9999957850
   7846  -0.07820      0.0001553632     -0.334700      0.0000057095      891.9999999801
   7856  -0.07720      0.0000003473     -0.307489      0.0000000128      891.9999999999
   7866  -0.07620      0.0000000003     -0.280277      0.0000000000      891.9999999999
   7876  -0.07520      0.0000000001     -0.253066      0.0000000000      891.9999999999
   7886  -0.07420      0.0000001387     -0.225855      0.0000000051      891.9999999999
   7896  -0.07320      0.0000669078     -0.198643      0.0000024588      892.0000000150
   7906  -0.07220      0.0121867194     -0.171432      0.0004478535      892.0000031389
   7916  -0.07120      0.8444863827     -0.144220      0.0310342909      892.0002566803
   7926  -0.07020     22.4864134076     -0.117009      0.8263601501      892.0084507412
   7936  -0.06920    232.9201893040     -0.089798      8.5596559625      892.1160571120
   7946  -0.06820    954.3339429270     -0.062586     35.0711127671      892.7035701793
   7956  -0.06720   1615.7194861249     -0.035375     59.3765743300      894.0828366390
   7966  -0.06620   1386.8436972941     -0.008163     50.9655472894      895.6278285948
   7976  -0.06520   1005.9849504455      0.019048     36.9692515922      896.7927782925
   7986  -0.06420    590.5938242925      0.046259     21.7039148244      897.5855966620
   7996  -0.06320    169.5120183005      0.073471      6.2294495059      897.9264327243
   8006  -0.06220     19.8249796785      0.100682      0.7285543002      897.9941342576
   8016  -0.06120      0.9076378538      0.127894      0.0333550638      897.9998036529
   8026  -0.06020      0.0160122691      0.155105      0.0005884398      897.9999973447
   8036  -0.05920      0.0001076800      0.182316      0.0000039572      897.9999999858
   8046  -0.05820      0.0000002738      0.209528      0.0000000101      897.9999999999
   8056  -0.05720      0.0000000003      0.236739      0.0000000000      897.9999999999
   8066  -0.05620      0.0000000000      0.263951      0.0000000000      897.9999999999
   8076  -0.05520      0.0000000429      0.291162      0.0000000016      897.9999999999
   8086  -0.05420      0.0000222058      0.318373      0.0000008160      898.0000000049
   8096  -0.05320      0.0043356716      0.345585      0.0001593329      898.0000011050
   8106  -0.05220      0.3218591802      0.372796      0.0118281024      898.0000965462
   8116  -0.05120      9.1731661036      0.400008      0.3371075138      898.0033888771
   8126  -0.05020    101.5399979468      0.427219      3.7315247401      898.0494488983
   8136  -0.04920    441.7812726275      0.454430     16.2351564099      898.3161666069
   8146  -0.04820    762.7756180816      0.481642     28.0314767341      898.9666527604
   8156  -0.04720    524.8165227697      0.508853     19.2866444587      899.6417345210
   8166  -0.04620    143.4792922991      0.536065      5.2727648191      899.9400003764
   8176  -0.04520     15.4498041366      0.563276      0.5677696231      899.9955709065
   8186  -0.04420      0.6476016248      0.590487      0.0237989121      899.9998635840
   8196  -0.04320      0.0104430277      0.617699      0.0003837740      899.9999983076
   8206  -0.04220      0.0000641332      0.644910      0.0000023569      899.9999999917
   8216  -0.04120      0.0000001488      0.672121      0.0000000055      899.9999999999
   8226  -0.04020      0.0000000001      0.699333      0.0000000000      899.9999999999
   8236  -0.03920      0.0000000000      0.726544      0.0000000000      899.9999999999
   8246  -0.03820      0.0000000000      0.753756      0.0000000000      899.9999999999
   8256  -0.03720      0.0000000170      0.780967      0.0000000006      899.9999999999
   8266  -0.03620      0.0000117319      0.808178      0.0000004311      900.0000000024
   8276  -0.03520      0.0030489801      0.835390      0.0001120479      900.0000007456
   8286  -0.03420      0.3005394339      0.862601      0.0110446165      900.0000855921
   8296  -0.03320     11.3385122262      0.889813      0.4166824871      900.0039170581
   8306  -0.03220    165.5575493973      0.917024      6.0841255070      900.0736677630
   8316  -0.03120    947.1232956415      0.944235     34.8061264634      900.5962292189
   8326  -0.03020   2153.1844783308      0.971447     79.1280412979      902.2402479862
   8336  -0.02920   2075.6481530615      0.998658     76.2786349374      904.4875099666
   8346  -0.02820   1576.9658870949      1.025870     57.9524063522      906.2046935651
   8356  -0.02720   2428.0585641959      1.053081     89.2294739605      908.1681752161
   8366  -0.02620   3189.1461839738      1.080292    117.1989179237      911.0892692782
   8376  -0.02520   3021.5291530236      1.107504    111.0391078932      914.2634111604
   8386  -0.02420   1836.1081478099      1.134715     67.4757053144      916.7080201120
   8396  -0.02320    529.2758192384      1.161927     19.4505205217      917.7689031528
   8406  -0.02220     62.7780302333      1.189138      2.3070492189      917.9812998834
   8416  -0.02120      2.9602460128      1.216349      0.1087869948      917.9993703061
   8426  -0.02020      1.9096265743      1.243561      0.0701774567      918.0005702115
   8436  -0.01920     43.7738364005      1.270772      1.6086582313      918.0169698856
   8446  -0.01820    406.3296664172      1.297984     14.9323343858      918.2104512594
   8456  -0.01720   1508.6978127811      1.325195     55.4436018080      919.1710029289
   8466  -0.01620   2306.0773434305      1.352406     84.7467484108      921.2282969133
   8476  -0.01520   1826.2009778158      1.379618     67.1116236649      923.3149039837
   8486  -0.01420   2264.3846821547      1.406829     83.2145719269      925.2170408307
   8496  -0.01320   3877.6291233425      1.434041    142.5001900662      928.3906491230
   8506  -0.01220   3698.4111456784      1.461252    135.9140532625      932.3970567558
   8516  -0.01120   1689.3666510892      1.488463     62.0830567376      935.0287100858
   8526  -0.01020    346.2875862847      1.515675     12.7258294420      935.8690076443
   8536  -0.00920     29.9013925848      1.542886      1.0988555097      935.9919871302
   8546  -0.00820      1.0383793679      1.570098      0.0381597240      935.9997921586
   8556  -0.00720      0.0140822793      1.597309      0.0005175140      935.9999978114
   8566  -0.00620      0.0000732524      1.624520      0.0000026920      935.9999999908
   8576  -0.00520      0.0000012938      1.651732      0.0000000475      936.0000000001
   8586  -0.00420      0.0004796567      1.678943      0.0000176271      936.0000001100
   8596  -0.00320      0.0760395410      1.706155      0.0027944006      936.0000200040
   8606  -0.00220      4.6232972597      1.733366      0.1699029787      936.0014412707
   8616  -0.00120    109.2126148048      1.760577      4.0134881063      936.0423120978
   8626  -0.00020   1019.5292525133      1.787789     37.4669953314      936.5267698177
   8636   0.00080   3850.8454677966      1.815000    141.5159092378      938.9604782911
   8646   0.00180   6117.5700486717      1.842212    224.8164708253      944.3232568165
   8656   0.00280   4431.4912922932      1.869423    162.8542419457      949.7908684597
   8666   0.00380   1755.3727278848      1.896634     64.5087344364      952.6613479503
   8676   0.00480    547.0614233322      1.923846     20.1041291787      953.6377130394
   8686   0.00580    372.5710471074      1.951057     13.6917284602      954.0193748637
   8696   0.00680   1263.9740499259      1.978269     46.4501726761      954.7760333982
   8706   0.00780   2913.8938717373      2.005480    107.0835857034      956.9630019979
   8716   0.00880   3207.3699999905      2.032691    117.8686305660      960.2131273290
   8726   0.00980   2028.6555596574      2.059903     74.5516896110      962.8178033554
   8736   0.01080   1031.8554430501      2.087114     37.9199743138      964.2402855836
   8746   0.01180    855.9551448232      2.114325     31.4557599362      965.1055545712
   8756   0.01280   1292.3892886916      2.141537     47.4944130602      966.1778612349
   8766   0.01380   1585.1228090061      2.168748     58.2521675944      967.6750884248
   8776   0.01480   1265.4491149078      2.195960     46.5043802946      969.1307764207
   8786   0.01580    651.0298952347      2.223171     23.9248986581      970.0587759211
   8796   0.01680    261.5847663324      2.250382      9.6130593554      970.4630704800
   8806   0.01780    204.4785762741      2.277594      7.5144463425      970.6773019856
   8816   0.01880    163.0671039717      2.304805      5.9926033590      970.8679805846
   8826   0.01980     59.1825510798      2.332017      2.1749178452      970.9726650696
   8836   0.02080     25.2194541338      2.359228      0.9267975077      971.0047006146
   8846   0.02180    111.4017433862      2.386439      4.0939370686      971.0656904788
   8856   0.02280    303.6566021500      2.413651     11.1591702416      971.2809455449
   8866   0.02380    352.9866529953      2.440862     12.9720155133      971.6351795016
   8876   0.02480    174.7117798031      2.468074      6.4205371470      971.8984122250
   8886   0.02580     36.4196677959      2.495285      1.3383976182      971.9862391381
   8896   0.02680      3.1322714236      2.522496      0.1151088098      971.9991618035
   8906   0.02780      0.1084751917      2.549708      0.0039863883      971.9999782701
   8916   0.02880      0.0014786226      2.576919      0.0000543384      971.9999997695
   8926   0.02980      0.0000077880      2.604131      0.0000002862      971.9999999989
   8936   0.03080      0.0000000156      2.631342      0.0000000006      971.9999999999
   8946   0.03180      0.0000000000      2.658553      0.0000000000      971.9999999999
END
