 ===== energy eigen values =====
 ik =    1 (  0.250000  0.250000  0.250000 )
     -0.85376709     -0.85376708     -0.85376707     -0.85376706     -0.85376705
     -0.85376704     -0.85366600     -0.85366600     -0.85366599     -0.85337415
     -0.85337413     -0.85337412     -0.85327424     -0.85327423     -0.85327422
     -0.85327420     -0.85327420     -0.85327419     -0.85326135     -0.85326134
     -0.85326133     -0.85326132     -0.85326131     -0.85326131     -0.85316605
     -0.85316603     -0.85316602     -0.85315895     -0.85315893     -0.85315891
     -0.85306597     -0.85306596     -0.85306595     -0.85289199     -0.85289198
     -0.85289196     -0.85289194     -0.85289192     -0.85289191     -0.85282147
     -0.85282147     -0.85282146     -0.85266856     -0.85266854     -0.85266853
     -0.85265069     -0.85265068     -0.85265066     -0.85254728     -0.85254727
     -0.85254725     -0.85252151     -0.85252150     -0.85252149     -0.85236687
     -0.85236687     -0.85231883     -0.85231882     -0.85231879     -0.85214265
     -0.85214264     -0.85214263     -0.85188132     -0.85188132     -0.85141870
     -0.85115578     -0.85115577     -0.85115576     -0.85065011     -0.85055475
     -0.85055475     -0.85055474     -0.85054263     -0.85054263     -0.85054263
     -0.85031063     -0.85031062     -0.85031061     -0.84977140     -0.84977140
     -0.84977138     -0.84977137     -0.84977136     -0.84977135     -0.84952694
     -0.84952693     -0.84952692     -0.84927545     -0.84927545     -0.84927544
     -0.84898078     -0.84898078     -0.84865271     -0.84865270     -0.84865269
     -0.84865268     -0.84865268     -0.84865267     -0.84843408     -0.84843406
     -0.84843405     -0.84812494     -0.84812493     -0.84812492     -0.84804879
     -0.84804878     -0.84791688     -0.84791687     -0.84791686     -0.84773488
     -0.84773486     -0.84773485     -0.84757371     -0.84757369     -0.84757366
     -0.84745816     -0.84745815     -0.84745814     -0.84739263     -0.84739260
     -0.84739259     -0.84739258     -0.84739255     -0.84739254     -0.84733596
     -0.84733594     -0.84733593     -0.84726591     -0.84726591     -0.84726590
     -0.84686035     -0.84686034     -0.84686033     -0.84663043     -0.84663043
     -0.84663041     -0.84663040     -0.84663038     -0.84663038     -0.84659505
     -0.84659503     -0.84659502     -0.84610825     -0.84610825     -0.84610821
     -0.84610821     -0.84610821     -0.84610820     -0.84606184     -0.84606183
     -0.84606183     -0.84606182     -0.84606181     -0.84606181     -0.84600124
     -0.84600123     -0.84600122     -0.84582873     -0.84582870     -0.84582868
     -0.84516668     -0.84516667     -0.84516666     -0.84516664     -0.84516664
     -0.84516663     -0.84506733     -0.84506733     -0.84506732     -0.84434383
     -0.84434383     -0.84434380     -0.84434379     -0.84434378     -0.84434377
     -0.84433495     -0.84433495     -0.84433493     -0.84433492     -0.84433491
     -0.84433490     -0.84421118     -0.84421118     -0.84421118     -0.84414149
     -0.84414147     -0.84414144     -0.84406793     -0.84406793     -0.84406793
     -0.84400770     -0.84400769     -0.84400768     -0.84329804     -0.84329803
     -0.84329802     -0.84303026     -0.84303025     -0.84303025     -0.84302460
     -0.84302459     -0.84302458     -0.84302457     -0.84302456     -0.84302456
     -0.84301620     -0.84301619     -0.84301618     -0.84293493     -0.84293491
     -0.84293490     -0.84293488     -0.84293486     -0.84293485     -0.84287609
     -0.84287607     -0.84287604     -0.84264078     -0.84264076     -0.84264075
     -0.84257221     -0.84257221     -0.84257220     -0.84242838     -0.84242838
     -0.84228931     -0.84228930     -0.84228929     -0.84205649     -0.84205648
     -0.84205646     -0.84205646     -0.84205644     -0.84205643     -0.84188995
     -0.84188994     -0.84188992     -0.84185386     -0.84185385     -0.84185383
     -0.84152523     -0.84152521     -0.84152520     -0.84136989     -0.84136989
     -0.84134713     -0.84134713     -0.84134712     -0.84133309     -0.84072614
     -0.84072614     -0.84072613     -0.84055262     -0.84046467     -0.84046466
     -0.84046465     -0.83994184     -0.83994184     -0.83945640     -0.83945638
     -0.83945637     -0.83923507     -0.83923506     -0.83923504     -0.83916528
     -0.83916528     -0.83916526     -0.83903695     -0.83903695     -0.83891070
     -0.83891069     -0.83891068     -0.83890494     -0.83890493     -0.83890492
     -0.83877051     -0.83877049     -0.83877047     -0.83857023     -0.83857023
     -0.83857022     -0.83856428     -0.83856426     -0.83856425     -0.83856423
     -0.83856420     -0.83856420     -0.83856052     -0.83856051     -0.83856050
     -0.83852949     -0.83852947     -0.83852945     -0.83847572     -0.83847570
     -0.83847568     -0.83838604     -0.83838604     -0.83838602     -0.83838601
     -0.83838601     -0.83838599     -0.83823860     -0.83823859     -0.83823858
     -0.83823857     -0.83823856     -0.83823855     -0.83815465     -0.83815464
     -0.83815462     -0.83801224     -0.83801224     -0.83801223     -0.83777352
     -0.83777351     -0.83777350     -0.83777349     -0.83777348     -0.83777347
     -0.42535410     -0.41211941     -0.41211939     -0.41211936     -0.40001971
     -0.40001970     -0.40001967     -0.39019183     -0.38628591     -0.38628590
     -0.38628587     -0.37703124     -0.37703121     -0.37703120     -0.37703118
     -0.37703116     -0.37703115     -0.37431358     -0.37431356     -0.37431354
     -0.36149924     -0.36149922     -0.36149919     -0.34935900     -0.34935898
     -0.34935896     -0.34724058     -0.34724056     -0.34724055     -0.34724053
     -0.34724051     -0.34724050     -0.30420704     -0.30420702     -0.30420701
     -0.30420699     -0.30420697     -0.30420696     -0.30276495     -0.30276493
     -0.30276491     -0.28982047     -0.28982046     -0.28982043     -0.28093473
     -0.28093470     -0.28093468     -0.26908380     -0.26908379     -0.26908378
     -0.26908377     -0.26908374     -0.26908373     -0.25874932     -0.25147580
     -0.25147579     -0.25147576     -0.23175795     -0.23175794     -0.23175792
     -0.19829174     -0.19829173     -0.19829172     -0.16737610     -0.16737609
     -0.16737608     -0.16622395     -0.16622394     -0.16622394     -0.16622393
     -0.16622392     -0.16622391     -0.15247878     -0.15247877     -0.15247876
     -0.15247875     -0.15247874     -0.15247873     -0.15227116     -0.15227114
     -0.15227112     -0.14950259     -0.13973033     -0.13973031     -0.13973030
     -0.13973029     -0.13973028     -0.13973027     -0.13659118     -0.13659116
     -0.13659114     -0.13425112     -0.13425111     -0.13425110     -0.13245874
     -0.13245872     -0.13245871     -0.12701380     -0.12701379     -0.12701377
     -0.12259979     -0.12259978     -0.12259977     -0.11491832     -0.11491831
     -0.11491830     -0.11461320     -0.11461318     -0.11461317     -0.11461316
     -0.11461314     -0.11461314     -0.10637721     -0.10637719     -0.10637717
     -0.10037464     -0.10037463     -0.10037460     -0.09666288     -0.09666286
     -0.09666286     -0.09353967     -0.09353967     -0.08419467     -0.08419466
     -0.08419465     -0.06722804     -0.06722804     -0.06506280     -0.04815648
     -0.02986412     -0.02986371     -0.02986058     -0.02679445     -0.02679181
     -0.02678852     -0.02506496     -0.02506164     -0.02504185     -0.01644391
     -0.01635607     -0.01616195     -0.01338274     -0.01336544     -0.01320943
     -0.01238629     -0.01236457     -0.01229203      0.00158236      0.00159309
      0.00160143      0.00160806      0.00161315      0.00164364      0.00208357
      0.00271012      0.00316016      0.00797961      0.00802732      0.00813482
      0.00843379      0.00954870      0.01141034      0.01309666      0.01409118
      0.01814050
 ===== energy eigen values =====
 ik =    2 ( -0.250000 -0.250000  0.250000 )
     -0.85376708     -0.85376708     -0.85376707     -0.85376706     -0.85376706
     -0.85376704     -0.85366600     -0.85366600     -0.85366599     -0.85337414
     -0.85337413     -0.85337412     -0.85327424     -0.85327423     -0.85327422
     -0.85327421     -0.85327420     -0.85327419     -0.85326135     -0.85326134
     -0.85326133     -0.85326132     -0.85326131     -0.85326131     -0.85316605
     -0.85316603     -0.85316602     -0.85315894     -0.85315893     -0.85315891
     -0.85306597     -0.85306595     -0.85306595     -0.85289199     -0.85289197
     -0.85289196     -0.85289194     -0.85289193     -0.85289191     -0.85282147
     -0.85282147     -0.85282147     -0.85266856     -0.85266854     -0.85266853
     -0.85265069     -0.85265067     -0.85265067     -0.85254728     -0.85254727
     -0.85254726     -0.85252151     -0.85252150     -0.85252149     -0.85236687
     -0.85236687     -0.85231883     -0.85231882     -0.85231879     -0.85214266
     -0.85214264     -0.85214263     -0.85188132     -0.85188132     -0.85141870
     -0.85115578     -0.85115577     -0.85115576     -0.85065011     -0.85055475
     -0.85055475     -0.85055474     -0.85054263     -0.85054263     -0.85054263
     -0.85031063     -0.85031062     -0.85031061     -0.84977140     -0.84977139
     -0.84977138     -0.84977137     -0.84977136     -0.84977135     -0.84952694
     -0.84952693     -0.84952692     -0.84927545     -0.84927545     -0.84927544
     -0.84898078     -0.84898078     -0.84865270     -0.84865270     -0.84865269
     -0.84865269     -0.84865268     -0.84865267     -0.84843408     -0.84843406
     -0.84843405     -0.84812494     -0.84812493     -0.84812492     -0.84804879
     -0.84804879     -0.84791688     -0.84791687     -0.84791687     -0.84773488
     -0.84773486     -0.84773485     -0.84757370     -0.84757368     -0.84757367
     -0.84745815     -0.84745815     -0.84745815     -0.84739261     -0.84739261
     -0.84739259     -0.84739258     -0.84739256     -0.84739255     -0.84733596
     -0.84733594     -0.84733593     -0.84726591     -0.84726590     -0.84726590
     -0.84686035     -0.84686034     -0.84686034     -0.84663043     -0.84663042
     -0.84663041     -0.84663040     -0.84663040     -0.84663038     -0.84659505
     -0.84659503     -0.84659502     -0.84610825     -0.84610824     -0.84610822
     -0.84610822     -0.84610820     -0.84610820     -0.84606184     -0.84606183
     -0.84606183     -0.84606182     -0.84606181     -0.84606181     -0.84600124
     -0.84600123     -0.84600123     -0.84582872     -0.84582870     -0.84582869
     -0.84516668     -0.84516667     -0.84516666     -0.84516665     -0.84516664
     -0.84516663     -0.84506733     -0.84506732     -0.84506732     -0.84434383
     -0.84434382     -0.84434380     -0.84434380     -0.84434378     -0.84434377
     -0.84433495     -0.84433494     -0.84433493     -0.84433492     -0.84433492
     -0.84433490     -0.84421118     -0.84421118     -0.84421118     -0.84414149
     -0.84414146     -0.84414145     -0.84406793     -0.84406793     -0.84406793
     -0.84400770     -0.84400769     -0.84400768     -0.84329803     -0.84329803
     -0.84329803     -0.84303026     -0.84303025     -0.84303025     -0.84302459
     -0.84302459     -0.84302458     -0.84302457     -0.84302457     -0.84302456
     -0.84301621     -0.84301619     -0.84301618     -0.84293492     -0.84293491
     -0.84293489     -0.84293488     -0.84293487     -0.84293485     -0.84287609
     -0.84287607     -0.84287605     -0.84264078     -0.84264076     -0.84264075
     -0.84257221     -0.84257220     -0.84257220     -0.84242838     -0.84242838
     -0.84228931     -0.84228930     -0.84228929     -0.84205649     -0.84205647
     -0.84205647     -0.84205646     -0.84205645     -0.84205644     -0.84188995
     -0.84188994     -0.84188993     -0.84185386     -0.84185385     -0.84185384
     -0.84152523     -0.84152521     -0.84152520     -0.84136989     -0.84136989
     -0.84134713     -0.84134713     -0.84134712     -0.84133309     -0.84072614
     -0.84072614     -0.84072613     -0.84055262     -0.84046467     -0.84046466
     -0.84046466     -0.83994184     -0.83994184     -0.83945640     -0.83945638
     -0.83945637     -0.83923507     -0.83923506     -0.83923504     -0.83916528
     -0.83916527     -0.83916526     -0.83903695     -0.83903695     -0.83891070
     -0.83891069     -0.83891068     -0.83890494     -0.83890493     -0.83890492
     -0.83877051     -0.83877049     -0.83877048     -0.83857023     -0.83857022
     -0.83857022     -0.83856427     -0.83856426     -0.83856425     -0.83856423
     -0.83856422     -0.83856419     -0.83856053     -0.83856051     -0.83856050
     -0.83852949     -0.83852947     -0.83852945     -0.83847571     -0.83847570
     -0.83847569     -0.83838604     -0.83838604     -0.83838602     -0.83838601
     -0.83838600     -0.83838599     -0.83823860     -0.83823859     -0.83823859
     -0.83823857     -0.83823856     -0.83823855     -0.83815465     -0.83815464
     -0.83815462     -0.83801224     -0.83801223     -0.83801223     -0.83777351
     -0.83777351     -0.83777350     -0.83777349     -0.83777348     -0.83777347
     -0.42535410     -0.41211941     -0.41211939     -0.41211936     -0.40001971
     -0.40001970     -0.40001967     -0.39019183     -0.38628591     -0.38628590
     -0.38628587     -0.37703123     -0.37703120     -0.37703120     -0.37703118
     -0.37703118     -0.37703114     -0.37431358     -0.37431356     -0.37431355
     -0.36149923     -0.36149922     -0.36149919     -0.34935900     -0.34935898
     -0.34935896     -0.34724058     -0.34724055     -0.34724055     -0.34724053
     -0.34724053     -0.34724049     -0.30420704     -0.30420701     -0.30420701
     -0.30420699     -0.30420699     -0.30420696     -0.30276495     -0.30276493
     -0.30276491     -0.28982047     -0.28982046     -0.28982043     -0.28093472
     -0.28093470     -0.28093468     -0.26908380     -0.26908378     -0.26908378
     -0.26908376     -0.26908375     -0.26908373     -0.25874933     -0.25147580
     -0.25147579     -0.25147576     -0.23175795     -0.23175794     -0.23175792
     -0.19829173     -0.19829173     -0.19829172     -0.16737609     -0.16737609
     -0.16737609     -0.16622395     -0.16622394     -0.16622393     -0.16622393
     -0.16622392     -0.16622391     -0.15247878     -0.15247878     -0.15247876
     -0.15247875     -0.15247874     -0.15247873     -0.15227115     -0.15227114
     -0.15227112     -0.14950259     -0.13973032     -0.13973031     -0.13973030
     -0.13973030     -0.13973028     -0.13973027     -0.13659118     -0.13659116
     -0.13659114     -0.13425112     -0.13425111     -0.13425110     -0.13245874
     -0.13245872     -0.13245871     -0.12701379     -0.12701379     -0.12701377
     -0.12259979     -0.12259978     -0.12259977     -0.11491833     -0.11491831
     -0.11491830     -0.11461320     -0.11461319     -0.11461317     -0.11461316
     -0.11461315     -0.11461313     -0.10637721     -0.10637719     -0.10637717
     -0.10037463     -0.10037462     -0.10037460     -0.09666288     -0.09666286
     -0.09666285     -0.09353967     -0.09353967     -0.08419468     -0.08419466
     -0.08419465     -0.06722804     -0.06722803     -0.06506280     -0.04815646
     -0.02986441     -0.02986219     -0.02985716     -0.02679442     -0.02679096
     -0.02678523     -0.02506556     -0.02504509     -0.02498944     -0.01640833
     -0.01631782     -0.01619102     -0.01338488     -0.01329770     -0.01300234
     -0.01239168     -0.01236457     -0.01230814      0.00158140      0.00159683
      0.00160067      0.00161117      0.00162527      0.00175014      0.00180319
      0.00236574      0.00329070      0.00794825      0.00796521      0.00809495
      0.00875473      0.00926185      0.01000837      0.01343254      0.01414811
      0.01490545
 ===== energy eigen values =====
 ik =    3 ( -0.250000  0.250000 -0.250000 )
     -0.85376709     -0.85376708     -0.85376707     -0.85376706     -0.85376705
     -0.85376704     -0.85366600     -0.85366600     -0.85366599     -0.85337415
     -0.85337412     -0.85337411     -0.85327424     -0.85327424     -0.85327422
     -0.85327421     -0.85327420     -0.85327418     -0.85326135     -0.85326134
     -0.85326133     -0.85326132     -0.85326131     -0.85326131     -0.85316605
     -0.85316604     -0.85316601     -0.85315896     -0.85315892     -0.85315891
     -0.85306597     -0.85306596     -0.85306595     -0.85289198     -0.85289198
     -0.85289196     -0.85289195     -0.85289192     -0.85289191     -0.85282147
     -0.85282147     -0.85282146     -0.85266856     -0.85266854     -0.85266853
     -0.85265069     -0.85265068     -0.85265067     -0.85254728     -0.85254727
     -0.85254725     -0.85252151     -0.85252150     -0.85252149     -0.85236687
     -0.85236687     -0.85231883     -0.85231882     -0.85231879     -0.85214265
     -0.85214264     -0.85214263     -0.85188132     -0.85188132     -0.85141870
     -0.85115578     -0.85115577     -0.85115576     -0.85065011     -0.85055475
     -0.85055475     -0.85055474     -0.85054264     -0.85054263     -0.85054263
     -0.85031063     -0.85031062     -0.85031061     -0.84977141     -0.84977140
     -0.84977138     -0.84977137     -0.84977136     -0.84977135     -0.84952694
     -0.84952693     -0.84952692     -0.84927545     -0.84927545     -0.84927544
     -0.84898078     -0.84898078     -0.84865271     -0.84865270     -0.84865269
     -0.84865268     -0.84865268     -0.84865267     -0.84843408     -0.84843406
     -0.84843405     -0.84812494     -0.84812493     -0.84812492     -0.84804879
     -0.84804879     -0.84791688     -0.84791687     -0.84791686     -0.84773488
     -0.84773486     -0.84773485     -0.84757371     -0.84757369     -0.84757365
     -0.84745816     -0.84745815     -0.84745814     -0.84739262     -0.84739261
     -0.84739260     -0.84739257     -0.84739255     -0.84739254     -0.84733596
     -0.84733594     -0.84733593     -0.84726591     -0.84726590     -0.84726590
     -0.84686035     -0.84686034     -0.84686033     -0.84663043     -0.84663043
     -0.84663040     -0.84663040     -0.84663039     -0.84663038     -0.84659505
     -0.84659503     -0.84659502     -0.84610825     -0.84610824     -0.84610823
     -0.84610822     -0.84610820     -0.84610819     -0.84606184     -0.84606183
     -0.84606182     -0.84606182     -0.84606182     -0.84606181     -0.84600124
     -0.84600123     -0.84600122     -0.84582873     -0.84582871     -0.84582867
     -0.84516668     -0.84516667     -0.84516666     -0.84516665     -0.84516664
     -0.84516663     -0.84506733     -0.84506733     -0.84506732     -0.84434382
     -0.84434382     -0.84434380     -0.84434380     -0.84434378     -0.84434378
     -0.84433495     -0.84433494     -0.84433493     -0.84433492     -0.84433491
     -0.84433491     -0.84421118     -0.84421118     -0.84421118     -0.84414149
     -0.84414147     -0.84414143     -0.84406793     -0.84406793     -0.84406793
     -0.84400770     -0.84400769     -0.84400768     -0.84329804     -0.84329803
     -0.84329802     -0.84303026     -0.84303025     -0.84303025     -0.84302459
     -0.84302459     -0.84302458     -0.84302458     -0.84302456     -0.84302456
     -0.84301620     -0.84301619     -0.84301618     -0.84293493     -0.84293492
     -0.84293490     -0.84293488     -0.84293486     -0.84293484     -0.84287609
     -0.84287608     -0.84287604     -0.84264078     -0.84264076     -0.84264075
     -0.84257221     -0.84257221     -0.84257220     -0.84242838     -0.84242838
     -0.84228931     -0.84228930     -0.84228929     -0.84205649     -0.84205648
     -0.84205646     -0.84205645     -0.84205645     -0.84205644     -0.84188995
     -0.84188994     -0.84188992     -0.84185386     -0.84185385     -0.84185383
     -0.84152523     -0.84152521     -0.84152520     -0.84136989     -0.84136989
     -0.84134713     -0.84134713     -0.84134712     -0.84133309     -0.84072614
     -0.84072614     -0.84072613     -0.84055262     -0.84046467     -0.84046466
     -0.84046465     -0.83994184     -0.83994184     -0.83945639     -0.83945638
     -0.83945637     -0.83923507     -0.83923506     -0.83923504     -0.83916528
     -0.83916527     -0.83916526     -0.83903695     -0.83903695     -0.83891070
     -0.83891069     -0.83891068     -0.83890494     -0.83890493     -0.83890492
     -0.83877051     -0.83877050     -0.83877047     -0.83857023     -0.83857022
     -0.83857022     -0.83856427     -0.83856426     -0.83856425     -0.83856424
     -0.83856420     -0.83856420     -0.83856052     -0.83856051     -0.83856050
     -0.83852950     -0.83852946     -0.83852945     -0.83847571     -0.83847570
     -0.83847568     -0.83838605     -0.83838604     -0.83838602     -0.83838601
     -0.83838600     -0.83838599     -0.83823860     -0.83823859     -0.83823858
     -0.83823857     -0.83823856     -0.83823856     -0.83815466     -0.83815463
     -0.83815462     -0.83801224     -0.83801223     -0.83801223     -0.83777352
     -0.83777351     -0.83777350     -0.83777349     -0.83777348     -0.83777347
     -0.42535410     -0.41211940     -0.41211939     -0.41211937     -0.40001971
     -0.40001969     -0.40001967     -0.39019183     -0.38628591     -0.38628589
     -0.38628587     -0.37703122     -0.37703121     -0.37703120     -0.37703119
     -0.37703116     -0.37703115     -0.37431359     -0.37431356     -0.37431354
     -0.36149923     -0.36149921     -0.36149920     -0.34935901     -0.34935897
     -0.34935896     -0.34724057     -0.34724056     -0.34724055     -0.34724054
     -0.34724051     -0.34724050     -0.30420703     -0.30420702     -0.30420701
     -0.30420700     -0.30420697     -0.30420696     -0.30276496     -0.30276492
     -0.30276491     -0.28982047     -0.28982046     -0.28982043     -0.28093474
     -0.28093469     -0.28093468     -0.26908380     -0.26908379     -0.26908378
     -0.26908377     -0.26908374     -0.26908373     -0.25874932     -0.25147580
     -0.25147579     -0.25147576     -0.23175795     -0.23175794     -0.23175792
     -0.19829174     -0.19829173     -0.19829172     -0.16737609     -0.16737609
     -0.16737609     -0.16622396     -0.16622394     -0.16622393     -0.16622393
     -0.16622391     -0.16622391     -0.15247879     -0.15247877     -0.15247876
     -0.15247875     -0.15247874     -0.15247873     -0.15227117     -0.15227113
     -0.15227112     -0.14950259     -0.13973032     -0.13973032     -0.13973030
     -0.13973029     -0.13973028     -0.13973027     -0.13659118     -0.13659117
     -0.13659113     -0.13425112     -0.13425111     -0.13425111     -0.13245875
     -0.13245871     -0.13245870     -0.12701379     -0.12701379     -0.12701377
     -0.12259979     -0.12259978     -0.12259977     -0.11491832     -0.11491832
     -0.11491830     -0.11461319     -0.11461319     -0.11461317     -0.11461317
     -0.11461315     -0.11461314     -0.10637721     -0.10637720     -0.10637716
     -0.10037463     -0.10037462     -0.10037460     -0.09666287     -0.09666287
     -0.09666286     -0.09353967     -0.09353967     -0.08419467     -0.08419467
     -0.08419465     -0.06722804     -0.06722804     -0.06506280     -0.04815647
     -0.02986442     -0.02986346     -0.02986272     -0.02679432     -0.02679364
     -0.02679077     -0.02506244     -0.02505591     -0.02503777     -0.01642186
     -0.01640310     -0.01626478     -0.01339045     -0.01334746     -0.01314369
     -0.01235817     -0.01228361     -0.01224935      0.00158532      0.00159773
      0.00160273      0.00160842      0.00165960      0.00173264      0.00189255
      0.00208902      0.00302443      0.00797354      0.00807352      0.00813549
      0.00835998      0.00994311      0.01241234      0.01373511      0.01477111
      0.02370971
 ===== energy eigen values =====
 ik =    4 ( -0.250000  0.250000  0.250000 )
     -0.85376709     -0.85376708     -0.85376707     -0.85376706     -0.85376705
     -0.85376704     -0.85366600     -0.85366600     -0.85366599     -0.85337414
     -0.85337413     -0.85337412     -0.85327424     -0.85327423     -0.85327422
     -0.85327421     -0.85327419     -0.85327418     -0.85326135     -0.85326134
     -0.85326133     -0.85326132     -0.85326131     -0.85326131     -0.85316605
     -0.85316603     -0.85316602     -0.85315894     -0.85315894     -0.85315891
     -0.85306597     -0.85306596     -0.85306595     -0.85289199     -0.85289196
     -0.85289195     -0.85289195     -0.85289193     -0.85289192     -0.85282147
     -0.85282147     -0.85282147     -0.85266856     -0.85266854     -0.85266853
     -0.85265069     -0.85265067     -0.85265067     -0.85254728     -0.85254726
     -0.85254726     -0.85252151     -0.85252150     -0.85252149     -0.85236687
     -0.85236687     -0.85231883     -0.85231881     -0.85231880     -0.85214265
     -0.85214264     -0.85214263     -0.85188132     -0.85188132     -0.85141870
     -0.85115578     -0.85115577     -0.85115576     -0.85065011     -0.85055475
     -0.85055475     -0.85055474     -0.85054264     -0.85054263     -0.85054263
     -0.85031063     -0.85031062     -0.85031061     -0.84977141     -0.84977139
     -0.84977139     -0.84977138     -0.84977136     -0.84977135     -0.84952694
     -0.84952693     -0.84952693     -0.84927546     -0.84927545     -0.84927544
     -0.84898078     -0.84898078     -0.84865271     -0.84865270     -0.84865269
     -0.84865268     -0.84865268     -0.84865267     -0.84843408     -0.84843406
     -0.84843405     -0.84812494     -0.84812493     -0.84812492     -0.84804879
     -0.84804878     -0.84791688     -0.84791687     -0.84791687     -0.84773488
     -0.84773486     -0.84773485     -0.84757370     -0.84757368     -0.84757367
     -0.84745816     -0.84745815     -0.84745814     -0.84739261     -0.84739260
     -0.84739259     -0.84739258     -0.84739256     -0.84739256     -0.84733596
     -0.84733594     -0.84733593     -0.84726591     -0.84726591     -0.84726590
     -0.84686035     -0.84686034     -0.84686033     -0.84663043     -0.84663042
     -0.84663041     -0.84663040     -0.84663039     -0.84663038     -0.84659505
     -0.84659503     -0.84659502     -0.84610825     -0.84610824     -0.84610823
     -0.84610823     -0.84610820     -0.84610819     -0.84606184     -0.84606183
     -0.84606183     -0.84606182     -0.84606181     -0.84606181     -0.84600124
     -0.84600123     -0.84600122     -0.84582872     -0.84582870     -0.84582869
     -0.84516667     -0.84516667     -0.84516666     -0.84516665     -0.84516664
     -0.84516664     -0.84506733     -0.84506733     -0.84506732     -0.84434382
     -0.84434382     -0.84434380     -0.84434380     -0.84434378     -0.84434377
     -0.84433495     -0.84433494     -0.84433493     -0.84433492     -0.84433491
     -0.84433490     -0.84421118     -0.84421118     -0.84421118     -0.84414148
     -0.84414146     -0.84414145     -0.84406793     -0.84406793     -0.84406793
     -0.84400770     -0.84400769     -0.84400768     -0.84329804     -0.84329803
     -0.84329803     -0.84303026     -0.84303025     -0.84303025     -0.84302459
     -0.84302459     -0.84302458     -0.84302457     -0.84302457     -0.84302456
     -0.84301620     -0.84301619     -0.84301618     -0.84293492     -0.84293490
     -0.84293489     -0.84293489     -0.84293487     -0.84293486     -0.84287609
     -0.84287606     -0.84287606     -0.84264077     -0.84264076     -0.84264075
     -0.84257221     -0.84257220     -0.84257220     -0.84242838     -0.84242838
     -0.84228930     -0.84228930     -0.84228929     -0.84205649     -0.84205647
     -0.84205647     -0.84205646     -0.84205644     -0.84205644     -0.84188995
     -0.84188994     -0.84188993     -0.84185386     -0.84185385     -0.84185384
     -0.84152523     -0.84152521     -0.84152520     -0.84136989     -0.84136989
     -0.84134713     -0.84134713     -0.84134712     -0.84133309     -0.84072614
     -0.84072614     -0.84072613     -0.84055262     -0.84046467     -0.84046466
     -0.84046466     -0.83994184     -0.83994184     -0.83945639     -0.83945638
     -0.83945637     -0.83923507     -0.83923506     -0.83923504     -0.83916528
     -0.83916527     -0.83916526     -0.83903695     -0.83903695     -0.83891070
     -0.83891069     -0.83891068     -0.83890494     -0.83890493     -0.83890492
     -0.83877051     -0.83877049     -0.83877049     -0.83857023     -0.83857022
     -0.83857022     -0.83856427     -0.83856425     -0.83856424     -0.83856423
     -0.83856422     -0.83856420     -0.83856052     -0.83856051     -0.83856050
     -0.83852948     -0.83852948     -0.83852945     -0.83847571     -0.83847569
     -0.83847569     -0.83838605     -0.83838604     -0.83838603     -0.83838602
     -0.83838599     -0.83838598     -0.83823860     -0.83823859     -0.83823858
     -0.83823857     -0.83823857     -0.83823856     -0.83815465     -0.83815464
     -0.83815462     -0.83801224     -0.83801223     -0.83801223     -0.83777352
     -0.83777351     -0.83777350     -0.83777349     -0.83777348     -0.83777347
     -0.42535410     -0.41211941     -0.41211938     -0.41211936     -0.40001972
     -0.40001969     -0.40001967     -0.39019183     -0.38628592     -0.38628589
     -0.38628587     -0.37703123     -0.37703121     -0.37703119     -0.37703118
     -0.37703117     -0.37703115     -0.37431357     -0.37431357     -0.37431355
     -0.36149924     -0.36149921     -0.36149919     -0.34935899     -0.34935898
     -0.34935897     -0.34724057     -0.34724056     -0.34724054     -0.34724053
     -0.34724052     -0.34724050     -0.30420703     -0.30420702     -0.30420701
     -0.30420699     -0.30420698     -0.30420697     -0.30276494     -0.30276493
     -0.30276491     -0.28982048     -0.28982046     -0.28982043     -0.28093471
     -0.28093471     -0.28093468     -0.26908380     -0.26908378     -0.26908378
     -0.26908376     -0.26908375     -0.26908374     -0.25874933     -0.25147581
     -0.25147579     -0.25147576     -0.23175795     -0.23175794     -0.23175793
     -0.19829174     -0.19829173     -0.19829172     -0.16737610     -0.16737609
     -0.16737608     -0.16622395     -0.16622394     -0.16622393     -0.16622392
     -0.16622391     -0.16622391     -0.15247878     -0.15247877     -0.15247876
     -0.15247875     -0.15247874     -0.15247873     -0.15227115     -0.15227114
     -0.15227113     -0.14950259     -0.13973033     -0.13973031     -0.13973030
     -0.13973029     -0.13973028     -0.13973027     -0.13659118     -0.13659115
     -0.13659114     -0.13425112     -0.13425111     -0.13425110     -0.13245873
     -0.13245873     -0.13245872     -0.12701380     -0.12701378     -0.12701377
     -0.12259979     -0.12259978     -0.12259976     -0.11491833     -0.11491831
     -0.11491830     -0.11461320     -0.11461318     -0.11461317     -0.11461316
     -0.11461316     -0.11461314     -0.10637721     -0.10637718     -0.10637717
     -0.10037464     -0.10037462     -0.10037461     -0.09666288     -0.09666286
     -0.09666285     -0.09353967     -0.09353967     -0.08419468     -0.08419466
     -0.08419465     -0.06722804     -0.06722803     -0.06506280     -0.04815644
     -0.02986409     -0.02986358     -0.02985705     -0.02679435     -0.02679368
     -0.02678752     -0.02506741     -0.02504647     -0.02498389     -0.01643979
     -0.01631387     -0.01578313     -0.01338472     -0.01334147     -0.01311195
     -0.01238236     -0.01233847     -0.01228574      0.00158908      0.00159496
      0.00160011      0.00162694      0.00172498      0.00184353      0.00196801
      0.00287271      0.00467554      0.00794836      0.00807545      0.00832312
      0.00887232      0.00979335      0.01287013      0.01355817      0.01546390
      0.02314348
 ===== occupations =====
 ik =    1 (  0.250000  0.250000  0.250000 )
      1.00000000      1.00000000      1.00000000      1.00000000      1.00000000
      1.00000000      1.00000000      1.00000000      1.00000000      1.00000000
      1.00000000      1.00000000      1.00000000      1.00000000      1.00000000
      1.00000000      1.00000000      1.00000000      1.00000000      1.00000000
      1.00000000      1.00000000      1.00000000      1.00000000      1.00000000
      1.00000000      1.00000000      1.00000000      1.00000000      1.00000000
      1.00000000      1.00000000      1.00000000      1.00000000      1.00000000
      1.00000000      1.00000000      1.00000000      1.00000000      1.00000000
      1.00000000      1.00000000      1.00000000      1.00000000      1.00000000
      1.00000000      1.00000000      1.00000000      1.00000000      1.00000000
      1.00000000      1.00000000      1.00000000      1.00000000      1.00000000
      1.00000000      1.00000000      1.00000000      1.00000000      1.00000000
      1.00000000      1.00000000      1.00000000      1.00000000      1.00000000
      1.00000000      1.00000000      1.00000000      1.00000000      1.00000000
      1.00000000      1.00000000      1.00000000      1.00000000      1.00000000
      1.00000000      1.00000000      1.00000000      1.00000000      1.00000000
      1.00000000      1.00000000      1.00000000      1.00000000      1.00000000
      1.00000000      1.00000000      1.00000000      1.00000000      1.00000000
      1.00000000      1.00000000      1.00000000      1.00000000      1.00000000
      1.00000000      1.00000000      1.00000000      1.00000000      1.00000000
      1.00000000      1.00000000      1.00000000      1.00000000      1.00000000
      1.00000000      1.00000000      1.00000000      1.00000000      1.00000000
      1.00000000      1.00000000      1.00000000      1.00000000      1.00000000
      1.00000000      1.00000000      1.00000000      1.00000000      1.00000000
      1.00000000      1.00000000      1.00000000      1.00000000      1.00000000
      1.00000000      1.00000000      1.00000000      1.00000000      1.00000000
      1.00000000      1.00000000      1.00000000      1.00000000      1.00000000
      1.00000000      1.00000000      1.00000000      1.00000000      1.00000000
      1.00000000      1.00000000      1.00000000      1.00000000      1.00000000
      1.00000000      1.00000000      1.00000000      1.00000000      1.00000000
      1.00000000      1.00000000      1.00000000      1.00000000      1.00000000
      1.00000000      1.00000000      1.00000000      1.00000000      1.00000000
      1.00000000      1.00000000      1.00000000      1.00000000      1.00000000
      1.00000000      1.00000000      1.00000000      1.00000000      1.00000000
      1.00000000      1.00000000      1.00000000      1.00000000      1.00000000
      1.00000000      1.00000000      1.00000000      1.00000000      1.00000000
      1.00000000      1.00000000      1.00000000      1.00000000      1.00000000
      1.00000000      1.00000000      1.00000000      1.00000000      1.00000000
      1.00000000      1.00000000      1.00000000      1.00000000      1.00000000
      1.00000000      1.00000000      1.00000000      1.00000000      1.00000000
      1.00000000      1.00000000      1.00000000      1.00000000      1.00000000
      1.00000000      1.00000000      1.00000000      1.00000000      1.00000000
      1.00000000      1.00000000      1.00000000      1.00000000      1.00000000
      1.00000000      1.00000000      1.00000000      1.00000000      1.00000000
      1.00000000      1.00000000      1.00000000      1.00000000      1.00000000
      1.00000000      1.00000000      1.00000000      1.00000000      1.00000000
      1.00000000      1.00000000      1.00000000      1.00000000      1.00000000
      1.00000000      1.00000000      1.00000000      1.00000000      1.00000000
      1.00000000      1.00000000      1.00000000      1.00000000      1.00000000
      1.00000000      1.00000000      1.00000000      1.00000000      1.00000000
      1.00000000      1.00000000      1.00000000      1.00000000      1.00000000
      1.00000000      1.00000000      1.00000000      1.00000000      1.00000000
      1.00000000      1.00000000      1.00000000      1.00000000      1.00000000
      1.00000000      1.00000000      1.00000000      1.00000000      1.00000000
      1.00000000      1.00000000      1.00000000      1.00000000      1.00000000
      1.00000000      1.00000000      1.00000000      1.00000000      1.00000000
      1.00000000      1.00000000      1.00000000      1.00000000      1.00000000
      1.00000000      1.00000000      1.00000000      1.00000000      1.00000000
      1.00000000      1.00000000      1.00000000      1.00000000      1.00000000
      1.00000000      1.00000000      1.00000000      1.00000000      1.00000000
      1.00000000      1.00000000      1.00000000      1.00000000      1.00000000
      1.00000000      1.00000000      1.00000000      1.00000000      1.00000000
      1.00000000      1.00000000      1.00000000      1.00000000      1.00000000
      1.00000000      1.00000000      1.00000000      1.00000000      1.00000000
      1.00000000      1.00000000      1.00000000      1.00000000      1.00000000
      1.00000000      1.00000000      1.00000000      1.00000000      1.00000000
      1.00000000      1.00000000      1.00000000      1.00000000      1.00000000
      1.00000000      1.00000000      1.00000000      1.00000000      1.00000000
      1.00000000      1.00000000      1.00000000      1.00000000      1.00000000
      1.00000000      1.00000000      1.00000000      1.00000000      1.00000000
      1.00000000      1.00000000      1.00000000      1.00000000      1.00000000
      1.00000000      1.00000000      1.00000000      1.00000000      1.00000000
      1.00000000      1.00000000      1.00000000      1.00000000      1.00000000
      1.00000000      1.00000000      1.00000000      1.00000000      1.00000000
      1.00000000      1.00000000      1.00000000      1.00000000      1.00000000
      1.00000000      1.00000000      1.00000000      1.00000000      1.00000000
      1.00000000      1.00000000      1.00000000      1.00000000      1.00000000
      1.00000000      1.00000000      1.00000000      1.00000000      1.00000000
      1.00000000      1.00000000      1.00000000      1.00000000      1.00000000
      1.00000000      1.00000000      1.00000000      1.00000000      1.00000000
      1.00000000      1.00000000      1.00000000      1.00000000      1.00000000
      1.00000000      1.00000000      1.00000000      1.00000000      1.00000000
      1.00000000      1.00000000      1.00000000      1.00000000      1.00000000
      1.00000000      1.00000000      1.00000000      1.00000000      1.00000000
      1.00000000      1.00000000      1.00000000      1.00000000      1.00000000
      1.00000000      1.00000000      1.00000000      1.00000000      1.00000000
      1.00000000      1.00000000      1.00000000      1.00000000      1.00000000
      1.00000000      1.00000000      1.00000000      1.00000000      1.00000000
      1.00000000      1.00000000      1.00000000      1.00000000      1.00000000
      1.00000000      0.95540681      0.95540610      0.08918829      0.00000000
      0.00000000      0.00000000      0.00000000      0.00000000      0.00000000
      0.00000000      0.00000000      0.00000000      0.00000000      0.00000000
      0.00000000      0.00000000      0.00000000      0.00000000      0.00000000
      0.00000000      0.00000000      0.00000000      0.00000000      0.00000000
      0.00000000      0.00000000      0.00000000      0.00000000      0.00000000
      0.00000000      0.00000000      0.00000000      0.00000000      0.00000000
      0.00000000      0.00000000      0.00000000      0.00000000      0.00000000
      0.00000000
 ===== occupations =====
 ik =    2 ( -0.250000 -0.250000  0.250000 )
      1.00000000      1.00000000      1.00000000      1.00000000      1.00000000
      1.00000000      1.00000000      1.00000000      1.00000000      1.00000000
      1.00000000      1.00000000      1.00000000      1.00000000      1.00000000
      1.00000000      1.00000000      1.00000000      1.00000000      1.00000000
      1.00000000      1.00000000      1.00000000      1.00000000      1.00000000
      1.00000000      1.00000000      1.00000000      1.00000000      1.00000000
      1.00000000      1.00000000      1.00000000      1.00000000      1.00000000
      1.00000000      1.00000000      1.00000000      1.00000000      1.00000000
      1.00000000      1.00000000      1.00000000      1.00000000      1.00000000
      1.00000000      1.00000000      1.00000000      1.00000000      1.00000000
      1.00000000      1.00000000      1.00000000      1.00000000      1.00000000
      1.00000000      1.00000000      1.00000000      1.00000000      1.00000000
      1.00000000      1.00000000      1.00000000      1.00000000      1.00000000
      1.00000000      1.00000000      1.00000000      1.00000000      1.00000000
      1.00000000      1.00000000      1.00000000      1.00000000      1.00000000
      1.00000000      1.00000000      1.00000000      1.00000000      1.00000000
      1.00000000      1.00000000      1.00000000      1.00000000      1.00000000
      1.00000000      1.00000000      1.00000000      1.00000000      1.00000000
      1.00000000      1.00000000      1.00000000      1.00000000      1.00000000
      1.00000000      1.00000000      1.00000000      1.00000000      1.00000000
      1.00000000      1.00000000      1.00000000      1.00000000      1.00000000
      1.00000000      1.00000000      1.00000000      1.00000000      1.00000000
      1.00000000      1.00000000      1.00000000      1.00000000      1.00000000
      1.00000000      1.00000000      1.00000000      1.00000000      1.00000000
      1.00000000      1.00000000      1.00000000      1.00000000      1.00000000
      1.00000000      1.00000000      1.00000000      1.00000000      1.00000000
      1.00000000      1.00000000      1.00000000      1.00000000      1.00000000
      1.00000000      1.00000000      1.00000000      1.00000000      1.00000000
      1.00000000      1.00000000      1.00000000      1.00000000      1.00000000
      1.00000000      1.00000000      1.00000000      1.00000000      1.00000000
      1.00000000      1.00000000      1.00000000      1.00000000      1.00000000
      1.00000000      1.00000000      1.00000000      1.00000000      1.00000000
      1.00000000      1.00000000      1.00000000      1.00000000      1.00000000
      1.00000000      1.00000000      1.00000000      1.00000000      1.00000000
      1.00000000      1.00000000      1.00000000      1.00000000      1.00000000
      1.00000000      1.00000000      1.00000000      1.00000000      1.00000000
      1.00000000      1.00000000      1.00000000      1.00000000      1.00000000
      1.00000000      1.00000000      1.00000000      1.00000000      1.00000000
      1.00000000      1.00000000      1.00000000      1.00000000      1.00000000
      1.00000000      1.00000000      1.00000000      1.00000000      1.00000000
      1.00000000      1.00000000      1.00000000      1.00000000      1.00000000
      1.00000000      1.00000000      1.00000000      1.00000000      1.00000000
      1.00000000      1.00000000      1.00000000      1.00000000      1.00000000
      1.00000000      1.00000000      1.00000000      1.00000000      1.00000000
      1.00000000      1.00000000      1.00000000      1.00000000      1.00000000
      1.00000000      1.00000000      1.00000000      1.00000000      1.00000000
      1.00000000      1.00000000      1.00000000      1.00000000      1.00000000
      1.00000000      1.00000000      1.00000000      1.00000000      1.00000000
      1.00000000      1.00000000      1.00000000      1.00000000      1.00000000
      1.00000000      1.00000000      1.00000000      1.00000000      1.00000000
      1.00000000      1.00000000      1.00000000      1.00000000      1.00000000
      1.00000000      1.00000000      1.00000000      1.00000000      1.00000000
      1.00000000      1.00000000      1.00000000      1.00000000      1.00000000
      1.00000000      1.00000000      1.00000000      1.00000000      1.00000000
      1.00000000      1.00000000      1.00000000      1.00000000      1.00000000
      1.00000000      1.00000000      1.00000000      1.00000000      1.00000000
      1.00000000      1.00000000      1.00000000      1.00000000      1.00000000
      1.00000000      1.00000000      1.00000000      1.00000000      1.00000000
      1.00000000      1.00000000      1.00000000      1.00000000      1.00000000
      1.00000000      1.00000000      1.00000000      1.00000000      1.00000000
      1.00000000      1.00000000      1.00000000      1.00000000      1.00000000
      1.00000000      1.00000000      1.00000000      1.00000000      1.00000000
      1.00000000      1.00000000      1.00000000      1.00000000      1.00000000
      1.00000000      1.00000000      1.00000000      1.00000000      1.00000000
      1.00000000      1.00000000      1.00000000      1.00000000      1.00000000
      1.00000000      1.00000000      1.00000000      1.00000000      1.00000000
      1.00000000      1.00000000      1.00000000      1.00000000      1.00000000
      1.00000000      1.00000000      1.00000000      1.00000000      1.00000000
      1.00000000      1.00000000      1.00000000      1.00000000      1.00000000
      1.00000000      1.00000000      1.00000000      1.00000000      1.00000000
      1.00000000      1.00000000      1.00000000      1.00000000      1.00000000
      1.00000000      1.00000000      1.00000000      1.00000000      1.00000000
      1.00000000      1.00000000      1.00000000      1.00000000      1.00000000
      1.00000000      1.00000000      1.00000000      1.00000000      1.00000000
      1.00000000      1.00000000      1.00000000      1.00000000      1.00000000
      1.00000000      1.00000000      1.00000000      1.00000000      1.00000000
      1.00000000      1.00000000      1.00000000      1.00000000      1.00000000
      1.00000000      1.00000000      1.00000000      1.00000000      1.00000000
      1.00000000      1.00000000      1.00000000      1.00000000      1.00000000
      1.00000000      1.00000000      1.00000000      1.00000000      1.00000000
      1.00000000      1.00000000      1.00000000      1.00000000      1.00000000
      1.00000000      1.00000000      1.00000000      1.00000000      1.00000000
      1.00000000      1.00000000      1.00000000      1.00000000      1.00000000
      1.00000000      1.00000000      1.00000000      1.00000000      1.00000000
      1.00000000      1.00000000      1.00000000      1.00000000      1.00000000
      1.00000000      1.00000000      1.00000000      1.00000000      1.00000000
      1.00000000      1.00000000      1.00000000      1.00000000      1.00000000
      1.00000000      1.00000000      1.00000000      1.00000000      1.00000000
      1.00000000      1.00000000      1.00000000      1.00000000      1.00000000
      1.00000000      0.95540670      0.95540601      0.08918699      0.00000000
      0.00000000      0.00000000      0.00000000      0.00000000      0.00000000
      0.00000000      0.00000000      0.00000000      0.00000000      0.00000000
      0.00000000      0.00000000      0.00000000      0.00000000      0.00000000
      0.00000000      0.00000000      0.00000000      0.00000000      0.00000000
      0.00000000      0.00000000      0.00000000      0.00000000      0.00000000
      0.00000000      0.00000000      0.00000000      0.00000000      0.00000000
      0.00000000      0.00000000      0.00000000      0.00000000      0.00000000
      0.00000000
 ===== occupations =====
 ik =    3 ( -0.250000  0.250000 -0.250000 )
      1.00000000      1.00000000      1.00000000      1.00000000      1.00000000
      1.00000000      1.00000000      1.00000000      1.00000000      1.00000000
      1.00000000      1.00000000      1.00000000      1.00000000      1.00000000
      1.00000000      1.00000000      1.00000000      1.00000000      1.00000000
      1.00000000      1.00000000      1.00000000      1.00000000      1.00000000
      1.00000000      1.00000000      1.00000000      1.00000000      1.00000000
      1.00000000      1.00000000      1.00000000      1.00000000      1.00000000
      1.00000000      1.00000000      1.00000000      1.00000000      1.00000000
      1.00000000      1.00000000      1.00000000      1.00000000      1.00000000
      1.00000000      1.00000000      1.00000000      1.00000000      1.00000000
      1.00000000      1.00000000      1.00000000      1.00000000      1.00000000
      1.00000000      1.00000000      1.00000000      1.00000000      1.00000000
      1.00000000      1.00000000      1.00000000      1.00000000      1.00000000
      1.00000000      1.00000000      1.00000000      1.00000000      1.00000000
      1.00000000      1.00000000      1.00000000      1.00000000      1.00000000
      1.00000000      1.00000000      1.00000000      1.00000000      1.00000000
      1.00000000      1.00000000      1.00000000      1.00000000      1.00000000
      1.00000000      1.00000000      1.00000000      1.00000000      1.00000000
      1.00000000      1.00000000      1.00000000      1.00000000      1.00000000
      1.00000000      1.00000000      1.00000000      1.00000000      1.00000000
      1.00000000      1.00000000      1.00000000      1.00000000      1.00000000
      1.00000000      1.00000000      1.00000000      1.00000000      1.00000000
      1.00000000      1.00000000      1.00000000      1.00000000      1.00000000
      1.00000000      1.00000000      1.00000000      1.00000000      1.00000000
      1.00000000      1.00000000      1.00000000      1.00000000      1.00000000
      1.00000000      1.00000000      1.00000000      1.00000000      1.00000000
      1.00000000      1.00000000      1.00000000      1.00000000      1.00000000
      1.00000000      1.00000000      1.00000000      1.00000000      1.00000000
      1.00000000      1.00000000      1.00000000      1.00000000      1.00000000
      1.00000000      1.00000000      1.00000000      1.00000000      1.00000000
      1.00000000      1.00000000      1.00000000      1.00000000      1.00000000
      1.00000000      1.00000000      1.00000000      1.00000000      1.00000000
      1.00000000      1.00000000      1.00000000      1.00000000      1.00000000
      1.00000000      1.00000000      1.00000000      1.00000000      1.00000000
      1.00000000      1.00000000      1.00000000      1.00000000      1.00000000
      1.00000000      1.00000000      1.00000000      1.00000000      1.00000000
      1.00000000      1.00000000      1.00000000      1.00000000      1.00000000
      1.00000000      1.00000000      1.00000000      1.00000000      1.00000000
      1.00000000      1.00000000      1.00000000      1.00000000      1.00000000
      1.00000000      1.00000000      1.00000000      1.00000000      1.00000000
      1.00000000      1.00000000      1.00000000      1.00000000      1.00000000
      1.00000000      1.00000000      1.00000000      1.00000000      1.00000000
      1.00000000      1.00000000      1.00000000      1.00000000      1.00000000
      1.00000000      1.00000000      1.00000000      1.00000000      1.00000000
      1.00000000      1.00000000      1.00000000      1.00000000      1.00000000
      1.00000000      1.00000000      1.00000000      1.00000000      1.00000000
      1.00000000      1.00000000      1.00000000      1.00000000      1.00000000
      1.00000000      1.00000000      1.00000000      1.00000000      1.00000000
      1.00000000      1.00000000      1.00000000      1.00000000      1.00000000
      1.00000000      1.00000000      1.00000000      1.00000000      1.00000000
      1.00000000      1.00000000      1.00000000      1.00000000      1.00000000
      1.00000000      1.00000000      1.00000000      1.00000000      1.00000000
      1.00000000      1.00000000      1.00000000      1.00000000      1.00000000
      1.00000000      1.00000000      1.00000000      1.00000000      1.00000000
      1.00000000      1.00000000      1.00000000      1.00000000      1.00000000
      1.00000000      1.00000000      1.00000000      1.00000000      1.00000000
      1.00000000      1.00000000      1.00000000      1.00000000      1.00000000
      1.00000000      1.00000000      1.00000000      1.00000000      1.00000000
      1.00000000      1.00000000      1.00000000      1.00000000      1.00000000
      1.00000000      1.00000000      1.00000000      1.00000000      1.00000000
      1.00000000      1.00000000      1.00000000      1.00000000      1.00000000
      1.00000000      1.00000000      1.00000000      1.00000000      1.00000000
      1.00000000      1.00000000      1.00000000      1.00000000      1.00000000
      1.00000000      1.00000000      1.00000000      1.00000000      1.00000000
      1.00000000      1.00000000      1.00000000      1.00000000      1.00000000
      1.00000000      1.00000000      1.00000000      1.00000000      1.00000000
      1.00000000      1.00000000      1.00000000      1.00000000      1.00000000
      1.00000000      1.00000000      1.00000000      1.00000000      1.00000000
      1.00000000      1.00000000      1.00000000      1.00000000      1.00000000
      1.00000000      1.00000000      1.00000000      1.00000000      1.00000000
      1.00000000      1.00000000      1.00000000      1.00000000      1.00000000
      1.00000000      1.00000000      1.00000000      1.00000000      1.00000000
      1.00000000      1.00000000      1.00000000      1.00000000      1.00000000
      1.00000000      1.00000000      1.00000000      1.00000000      1.00000000
      1.00000000      1.00000000      1.00000000      1.00000000      1.00000000
      1.00000000      1.00000000      1.00000000      1.00000000      1.00000000
      1.00000000      1.00000000      1.00000000      1.00000000      1.00000000
      1.00000000      1.00000000      1.00000000      1.00000000      1.00000000
      1.00000000      1.00000000      1.00000000      1.00000000      1.00000000
      1.00000000      1.00000000      1.00000000      1.00000000      1.00000000
      1.00000000      1.00000000      1.00000000      1.00000000      1.00000000
      1.00000000      1.00000000      1.00000000      1.00000000      1.00000000
      1.00000000      1.00000000      1.00000000      1.00000000      1.00000000
      1.00000000      1.00000000      1.00000000      1.00000000      1.00000000
      1.00000000      1.00000000      1.00000000      1.00000000      1.00000000
      1.00000000      1.00000000      1.00000000      1.00000000      1.00000000
      1.00000000      1.00000000      1.00000000      1.00000000      1.00000000
      1.00000000      1.00000000      1.00000000      1.00000000      1.00000000
      1.00000000      1.00000000      1.00000000      1.00000000      1.00000000
      1.00000000      0.95540689      0.95540616      0.08918732      0.00000000
      0.00000000      0.00000000      0.00000000      0.00000000      0.00000000
      0.00000000      0.00000000      0.00000000      0.00000000      0.00000000
      0.00000000      0.00000000      0.00000000      0.00000000      0.00000000
      0.00000000      0.00000000      0.00000000      0.00000000      0.00000000
      0.00000000      0.00000000      0.00000000      0.00000000      0.00000000
      0.00000000      0.00000000      0.00000000      0.00000000      0.00000000
      0.00000000      0.00000000      0.00000000      0.00000000      0.00000000
      0.00000000
 ===== occupations =====
 ik =    4 ( -0.250000  0.250000  0.250000 )
      1.00000000      1.00000000      1.00000000      1.00000000      1.00000000
      1.00000000      1.00000000      1.00000000      1.00000000      1.00000000
      1.00000000      1.00000000      1.00000000      1.00000000      1.00000000
      1.00000000      1.00000000      1.00000000      1.00000000      1.00000000
      1.00000000      1.00000000      1.00000000      1.00000000      1.00000000
      1.00000000      1.00000000      1.00000000      1.00000000      1.00000000
      1.00000000      1.00000000      1.00000000      1.00000000      1.00000000
      1.00000000      1.00000000      1.00000000      1.00000000      1.00000000
      1.00000000      1.00000000      1.00000000      1.00000000      1.00000000
      1.00000000      1.00000000      1.00000000      1.00000000      1.00000000
      1.00000000      1.00000000      1.00000000      1.00000000      1.00000000
      1.00000000      1.00000000      1.00000000      1.00000000      1.00000000
      1.00000000      1.00000000      1.00000000      1.00000000      1.00000000
      1.00000000      1.00000000      1.00000000      1.00000000      1.00000000
      1.00000000      1.00000000      1.00000000      1.00000000      1.00000000
      1.00000000      1.00000000      1.00000000      1.00000000      1.00000000
      1.00000000      1.00000000      1.00000000      1.00000000      1.00000000
      1.00000000      1.00000000      1.00000000      1.00000000      1.00000000
      1.00000000      1.00000000      1.00000000      1.00000000      1.00000000
      1.00000000      1.00000000      1.00000000      1.00000000      1.00000000
      1.00000000      1.00000000      1.00000000      1.00000000      1.00000000
      1.00000000      1.00000000      1.00000000      1.00000000      1.00000000
      1.00000000      1.00000000      1.00000000      1.00000000      1.00000000
      1.00000000      1.00000000      1.00000000      1.00000000      1.00000000
      1.00000000      1.00000000      1.00000000      1.00000000      1.00000000
      1.00000000      1.00000000      1.00000000      1.00000000      1.00000000
      1.00000000      1.00000000      1.00000000      1.00000000      1.00000000
      1.00000000      1.00000000      1.00000000      1.00000000      1.00000000
      1.00000000      1.00000000      1.00000000      1.00000000      1.00000000
      1.00000000      1.00000000      1.00000000      1.00000000      1.00000000
      1.00000000      1.00000000      1.00000000      1.00000000      1.00000000
      1.00000000      1.00000000      1.00000000      1.00000000      1.00000000
      1.00000000      1.00000000      1.00000000      1.00000000      1.00000000
      1.00000000      1.00000000      1.00000000      1.00000000      1.00000000
      1.00000000      1.00000000      1.00000000      1.00000000      1.00000000
      1.00000000      1.00000000      1.00000000      1.00000000      1.00000000
      1.00000000      1.00000000      1.00000000      1.00000000      1.00000000
      1.00000000      1.00000000      1.00000000      1.00000000      1.00000000
      1.00000000      1.00000000      1.00000000      1.00000000      1.00000000
      1.00000000      1.00000000      1.00000000      1.00000000      1.00000000
      1.00000000      1.00000000      1.00000000      1.00000000      1.00000000
      1.00000000      1.00000000      1.00000000      1.00000000      1.00000000
      1.00000000      1.00000000      1.00000000      1.00000000      1.00000000
      1.00000000      1.00000000      1.00000000      1.00000000      1.00000000
      1.00000000      1.00000000      1.00000000      1.00000000      1.00000000
      1.00000000      1.00000000      1.00000000      1.00000000      1.00000000
      1.00000000      1.00000000      1.00000000      1.00000000      1.00000000
      1.00000000      1.00000000      1.00000000      1.00000000      1.00000000
      1.00000000      1.00000000      1.00000000      1.00000000      1.00000000
      1.00000000      1.00000000      1.00000000      1.00000000      1.00000000
      1.00000000      1.00000000      1.00000000      1.00000000      1.00000000
      1.00000000      1.00000000      1.00000000      1.00000000      1.00000000
      1.00000000      1.00000000      1.00000000      1.00000000      1.00000000
      1.00000000      1.00000000      1.00000000      1.00000000      1.00000000
      1.00000000      1.00000000      1.00000000      1.00000000      1.00000000
      1.00000000      1.00000000      1.00000000      1.00000000      1.00000000
      1.00000000      1.00000000      1.00000000      1.00000000      1.00000000
      1.00000000      1.00000000      1.00000000      1.00000000      1.00000000
      1.00000000      1.00000000      1.00000000      1.00000000      1.00000000
      1.00000000      1.00000000      1.00000000      1.00000000      1.00000000
      1.00000000      1.00000000      1.00000000      1.00000000      1.00000000
      1.00000000      1.00000000      1.00000000      1.00000000      1.00000000
      1.00000000      1.00000000      1.00000000      1.00000000      1.00000000
      1.00000000      1.00000000      1.00000000      1.00000000      1.00000000
      1.00000000      1.00000000      1.00000000      1.00000000      1.00000000
      1.00000000      1.00000000      1.00000000      1.00000000      1.00000000
      1.00000000      1.00000000      1.00000000      1.00000000      1.00000000
      1.00000000      1.00000000      1.00000000      1.00000000      1.00000000
      1.00000000      1.00000000      1.00000000      1.00000000      1.00000000
      1.00000000      1.00000000      1.00000000      1.00000000      1.00000000
      1.00000000      1.00000000      1.00000000      1.00000000      1.00000000
      1.00000000      1.00000000      1.00000000      1.00000000      1.00000000
      1.00000000      1.00000000      1.00000000      1.00000000      1.00000000
      1.00000000      1.00000000      1.00000000      1.00000000      1.00000000
      1.00000000      1.00000000      1.00000000      1.00000000      1.00000000
      1.00000000      1.00000000      1.00000000      1.00000000      1.00000000
      1.00000000      1.00000000      1.00000000      1.00000000      1.00000000
      1.00000000      1.00000000      1.00000000      1.00000000      1.00000000
      1.00000000      1.00000000      1.00000000      1.00000000      1.00000000
      1.00000000      1.00000000      1.00000000      1.00000000      1.00000000
      1.00000000      1.00000000      1.00000000      1.00000000      1.00000000
      1.00000000      1.00000000      1.00000000      1.00000000      1.00000000
      1.00000000      1.00000000      1.00000000      1.00000000      1.00000000
      1.00000000      1.00000000      1.00000000      1.00000000      1.00000000
      1.00000000      1.00000000      1.00000000      1.00000000      1.00000000
      1.00000000      1.00000000      1.00000000      1.00000000      1.00000000
      1.00000000      1.00000000      1.00000000      1.00000000      1.00000000
      1.00000000      1.00000000      1.00000000      1.00000000      1.00000000
      1.00000000      1.00000000      1.00000000      1.00000000      1.00000000
      1.00000000      0.95540624      0.95540574      0.08918676      0.00000000
      0.00000000      0.00000000      0.00000000      0.00000000      0.00000000
      0.00000000      0.00000000      0.00000000      0.00000000      0.00000000
      0.00000000      0.00000000      0.00000000      0.00000000      0.00000000
      0.00000000      0.00000000      0.00000000      0.00000000      0.00000000
      0.00000000      0.00000000      0.00000000      0.00000000      0.00000000
      0.00000000      0.00000000      0.00000000      0.00000000      0.00000000
      0.00000000      0.00000000      0.00000000      0.00000000      0.00000000
      0.00000000
