  No.   E(hr.)        dos(hr.)         E(eV)          dos(eV)              sum
      6  -0.86300      0.0000000000    -21.769117      0.0000000000        0.0000000000
     16  -0.86200      0.0000000165    -21.741906      0.0000000006        0.0000000000
     26  -0.86100      0.0000129233    -21.714694      0.0000004749        0.0000000028
     36  -0.86000      0.0038471091    -21.687483      0.0001413786        0.0000009230
     46  -0.85900      0.4398438564    -21.660271      0.0161639577        0.0001219743
     56  -0.85800     19.7372250535    -21.633060      0.7253293783        0.0065451189
     66  -0.85700    362.0153567322    -21.605849     13.3038141350        0.1497736004
     76  -0.85600   2930.6215991351    -21.578637    107.6983181231        1.5851885375
     86  -0.85500  11907.8035384947    -21.551426    437.6035493679        8.7678184103
     96  -0.85400  28069.8586816652    -21.524214   1031.5479046695       29.2065883016
    106  -0.85300  40841.9786109032    -21.497003   1500.9144839819       65.3028947331
    116  -0.85200  37209.1635138121    -21.469792   1367.4110401650      105.4851104883
    126  -0.85100  28374.5633344366    -21.442580   1042.7455900471      137.2959821330
    136  -0.85000  28662.6048057567    -21.415369   1053.3309150239      165.2671341037
    146  -0.84900  29153.6382153909    -21.388157   1071.3760534257      194.5348407170
    156  -0.84800  29457.3934957709    -21.360946   1082.5388500241      223.4424879432
    166  -0.84700  36562.7835994998    -21.333735   1343.6570250917      256.3240809704
    176  -0.84600  43213.3360677020    -21.306523   1588.0602314373      297.1313966044
    186  -0.84500  40369.5837899184    -21.279312   1483.5543008299      339.5249441458
    196  -0.84400  34967.7862168240    -21.252100   1285.0419737403      376.5641850139
    206  -0.84300  36644.1548666332    -21.224889   1346.6473629150      411.8709303317
    216  -0.84200  39079.3506755890    -21.197678   1436.1391256872      450.3891494373
    226  -0.84100  32828.1983588723    -21.170466   1206.4135988433      486.5786096025
    236  -0.84000  29638.9029278338    -21.143255   1089.2091961931      516.6725555035
    246  -0.83900  36536.6402112508    -21.116043   1342.6962736438      549.7860094001
    256  -0.83800  36285.4787348883    -21.088832   1333.4662629903      587.5607230289
    266  -0.83700  20502.3188743880    -21.061621    753.4460474344      615.9682472844
    276  -0.83600   5647.9776755611    -21.034409    207.5592756956      627.5004576434
    286  -0.83500    696.3967904432    -21.007198     25.5921006994      629.7845825498
    296  -0.83400     36.4786249034    -20.979986      1.3405642512      629.9916555430
    306  -0.83300      0.7837480476    -20.952775      0.0288021990      629.9998619167
    316  -0.83200      0.0067337865    -20.925564      0.0002474620      629.9999990584
    326  -0.83100      0.0000227030    -20.898352      0.0000008343      629.9999999974
    336  -0.83000      0.0000000296    -20.871141      0.0000000011      629.9999999999
    346  -0.82900      0.0000000000    -20.843929      0.0000000000      629.9999999999
    356  -0.82800      0.0000000000    -20.816718      0.0000000000      629.9999999999
    366  -0.82700      0.0000000000    -20.789507      0.0000000000      629.9999999999
    376  -0.82600      0.0000000000    -20.762295      0.0000000000      629.9999999999
    386  -0.82500      0.0000000000    -20.735084      0.0000000000      629.9999999999
    396  -0.82400      0.0000000000    -20.707872      0.0000000000      629.9999999999
    406  -0.82300      0.0000000000    -20.680661      0.0000000000      629.9999999999
    416  -0.82200      0.0000000000    -20.653450      0.0000000000      629.9999999999
    426  -0.82100      0.0000000000    -20.626238      0.0000000000      629.9999999999
    436  -0.82000      0.0000000000    -20.599027      0.0000000000      629.9999999999
    446  -0.81900      0.0000000000    -20.571815      0.0000000000      629.9999999999
    456  -0.81800      0.0000000000    -20.544604      0.0000000000      629.9999999999
    466  -0.81700      0.0000000000    -20.517393      0.0000000000      629.9999999999
    476  -0.81600      0.0000000000    -20.490181      0.0000000000      629.9999999999
    486  -0.81500      0.0000000000    -20.462970      0.0000000000      629.9999999999
    496  -0.81400      0.0000000000    -20.435759      0.0000000000      629.9999999999
    506  -0.81300      0.0000000000    -20.408547      0.0000000000      629.9999999999
    516  -0.81200      0.0000000000    -20.381336      0.0000000000      629.9999999999
    526  -0.81100      0.0000000000    -20.354124      0.0000000000      629.9999999999
    536  -0.81000      0.0000000000    -20.326913      0.0000000000      629.9999999999
    546  -0.80900      0.0000000000    -20.299702      0.0000000000      629.9999999999
    556  -0.80800      0.0000000000    -20.272490      0.0000000000      629.9999999999
    566  -0.80700      0.0000000000    -20.245279      0.0000000000      629.9999999999
    576  -0.80600      0.0000000000    -20.218067      0.0000000000      629.9999999999
    586  -0.80500      0.0000000000    -20.190856      0.0000000000      629.9999999999
    596  -0.80400      0.0000000000    -20.163645      0.0000000000      629.9999999999
    606  -0.80300      0.0000000000    -20.136433      0.0000000000      629.9999999999
    616  -0.80200      0.0000000000    -20.109222      0.0000000000      629.9999999999
    626  -0.80100      0.0000000000    -20.082010      0.0000000000      629.9999999999
    636  -0.80000      0.0000000000    -20.054799      0.0000000000      629.9999999999
    646  -0.79900      0.0000000000    -20.027588      0.0000000000      629.9999999999
    656  -0.79800      0.0000000000    -20.000376      0.0000000000      629.9999999999
    666  -0.79700      0.0000000000    -19.973165      0.0000000000      629.9999999999
    676  -0.79600      0.0000000000    -19.945953      0.0000000000      629.9999999999
    686  -0.79500      0.0000000000    -19.918742      0.0000000000      629.9999999999
    696  -0.79400      0.0000000000    -19.891531      0.0000000000      629.9999999999
    706  -0.79300      0.0000000000    -19.864319      0.0000000000      629.9999999999
    716  -0.79200      0.0000000000    -19.837108      0.0000000000      629.9999999999
    726  -0.79100      0.0000000000    -19.809896      0.0000000000      629.9999999999
    736  -0.79000      0.0000000000    -19.782685      0.0000000000      629.9999999999
    746  -0.78900      0.0000000000    -19.755474      0.0000000000      629.9999999999
    756  -0.78800      0.0000000000    -19.728262      0.0000000000      629.9999999999
    766  -0.78700      0.0000000000    -19.701051      0.0000000000      629.9999999999
    776  -0.78600      0.0000000000    -19.673839      0.0000000000      629.9999999999
    786  -0.78500      0.0000000000    -19.646628      0.0000000000      629.9999999999
    796  -0.78400      0.0000000000    -19.619417      0.0000000000      629.9999999999
    806  -0.78300      0.0000000000    -19.592205      0.0000000000      629.9999999999
    816  -0.78200      0.0000000000    -19.564994      0.0000000000      629.9999999999
    826  -0.78100      0.0000000000    -19.537782      0.0000000000      629.9999999999
    836  -0.78000      0.0000000000    -19.510571      0.0000000000      629.9999999999
    846  -0.77900      0.0000000000    -19.483360      0.0000000000      629.9999999999
    856  -0.77800      0.0000000000    -19.456148      0.0000000000      629.9999999999
    866  -0.77700      0.0000000000    -19.428937      0.0000000000      629.9999999999
    876  -0.77600      0.0000000000    -19.401725      0.0000000000      629.9999999999
    886  -0.77500      0.0000000000    -19.374514      0.0000000000      629.9999999999
    896  -0.77400      0.0000000000    -19.347303      0.0000000000      629.9999999999
    906  -0.77300      0.0000000000    -19.320091      0.0000000000      629.9999999999
    916  -0.77200      0.0000000000    -19.292880      0.0000000000      629.9999999999
    926  -0.77100      0.0000000000    -19.265668      0.0000000000      629.9999999999
    936  -0.77000      0.0000000000    -19.238457      0.0000000000      629.9999999999
    946  -0.76900      0.0000000000    -19.211246      0.0000000000      629.9999999999
    956  -0.76800      0.0000000000    -19.184034      0.0000000000      629.9999999999
    966  -0.76700      0.0000000000    -19.156823      0.0000000000      629.9999999999
    976  -0.76600      0.0000000000    -19.129611      0.0000000000      629.9999999999
    986  -0.76500      0.0000000000    -19.102400      0.0000000000      629.9999999999
    996  -0.76400      0.0000000000    -19.075189      0.0000000000      629.9999999999
   1006  -0.76300      0.0000000000    -19.047977      0.0000000000      629.9999999999
   1016  -0.76200      0.0000000000    -19.020766      0.0000000000      629.9999999999
   1026  -0.76100      0.0000000000    -18.993555      0.0000000000      629.9999999999
   1036  -0.76000      0.0000000000    -18.966343      0.0000000000      629.9999999999
   1046  -0.75900      0.0000000000    -18.939132      0.0000000000      629.9999999999
   1056  -0.75800      0.0000000000    -18.911920      0.0000000000      629.9999999999
   1066  -0.75700      0.0000000000    -18.884709      0.0000000000      629.9999999999
   1076  -0.75600      0.0000000000    -18.857498      0.0000000000      629.9999999999
   1086  -0.75500      0.0000000000    -18.830286      0.0000000000      629.9999999999
   1096  -0.75400      0.0000000000    -18.803075      0.0000000000      629.9999999999
   1106  -0.75300      0.0000000000    -18.775863      0.0000000000      629.9999999999
   1116  -0.75200      0.0000000000    -18.748652      0.0000000000      629.9999999999
   1126  -0.75100      0.0000000000    -18.721441      0.0000000000      629.9999999999
   1136  -0.75000      0.0000000000    -18.694229      0.0000000000      629.9999999999
   1146  -0.74900      0.0000000000    -18.667018      0.0000000000      629.9999999999
   1156  -0.74800      0.0000000000    -18.639806      0.0000000000      629.9999999999
   1166  -0.74700      0.0000000000    -18.612595      0.0000000000      629.9999999999
   1176  -0.74600      0.0000000000    -18.585384      0.0000000000      629.9999999999
   1186  -0.74500      0.0000000000    -18.558172      0.0000000000      629.9999999999
   1196  -0.74400      0.0000000000    -18.530961      0.0000000000      629.9999999999
   1206  -0.74300      0.0000000000    -18.503749      0.0000000000      629.9999999999
   1216  -0.74200      0.0000000000    -18.476538      0.0000000000      629.9999999999
   1226  -0.74100      0.0000000000    -18.449327      0.0000000000      629.9999999999
   1236  -0.74000      0.0000000000    -18.422115      0.0000000000      629.9999999999
   1246  -0.73900      0.0000000000    -18.394904      0.0000000000      629.9999999999
   1256  -0.73800      0.0000000000    -18.367692      0.0000000000      629.9999999999
   1266  -0.73700      0.0000000000    -18.340481      0.0000000000      629.9999999999
   1276  -0.73600      0.0000000000    -18.313270      0.0000000000      629.9999999999
   1286  -0.73500      0.0000000000    -18.286058      0.0000000000      629.9999999999
   1296  -0.73400      0.0000000000    -18.258847      0.0000000000      629.9999999999
   1306  -0.73300      0.0000000000    -18.231635      0.0000000000      629.9999999999
   1316  -0.73200      0.0000000000    -18.204424      0.0000000000      629.9999999999
   1326  -0.73100      0.0000000000    -18.177213      0.0000000000      629.9999999999
   1336  -0.73000      0.0000000000    -18.150001      0.0000000000      629.9999999999
   1346  -0.72900      0.0000000000    -18.122790      0.0000000000      629.9999999999
   1356  -0.72800      0.0000000000    -18.095578      0.0000000000      629.9999999999
   1366  -0.72700      0.0000000000    -18.068367      0.0000000000      629.9999999999
   1376  -0.72600      0.0000000000    -18.041156      0.0000000000      629.9999999999
   1386  -0.72500      0.0000000000    -18.013944      0.0000000000      629.9999999999
   1396  -0.72400      0.0000000000    -17.986733      0.0000000000      629.9999999999
   1406  -0.72300      0.0000000000    -17.959521      0.0000000000      629.9999999999
   1416  -0.72200      0.0000000000    -17.932310      0.0000000000      629.9999999999
   1426  -0.72100      0.0000000000    -17.905099      0.0000000000      629.9999999999
   1436  -0.72000      0.0000000000    -17.877887      0.0000000000      629.9999999999
   1446  -0.71900      0.0000000000    -17.850676      0.0000000000      629.9999999999
   1456  -0.71800      0.0000000000    -17.823464      0.0000000000      629.9999999999
   1466  -0.71700      0.0000000000    -17.796253      0.0000000000      629.9999999999
   1476  -0.71600      0.0000000000    -17.769042      0.0000000000      629.9999999999
   1486  -0.71500      0.0000000000    -17.741830      0.0000000000      629.9999999999
   1496  -0.71400      0.0000000000    -17.714619      0.0000000000      629.9999999999
   1506  -0.71300      0.0000000000    -17.687407      0.0000000000      629.9999999999
   1516  -0.71200      0.0000000000    -17.660196      0.0000000000      629.9999999999
   1526  -0.71100      0.0000000000    -17.632985      0.0000000000      629.9999999999
   1536  -0.71000      0.0000000000    -17.605773      0.0000000000      629.9999999999
   1546  -0.70900      0.0000000000    -17.578562      0.0000000000      629.9999999999
   1556  -0.70800      0.0000000000    -17.551351      0.0000000000      629.9999999999
   1566  -0.70700      0.0000000000    -17.524139      0.0000000000      629.9999999999
   1576  -0.70600      0.0000000000    -17.496928      0.0000000000      629.9999999999
   1586  -0.70500      0.0000000000    -17.469716      0.0000000000      629.9999999999
   1596  -0.70400      0.0000000000    -17.442505      0.0000000000      629.9999999999
   1606  -0.70300      0.0000000000    -17.415294      0.0000000000      629.9999999999
   1616  -0.70200      0.0000000000    -17.388082      0.0000000000      629.9999999999
   1626  -0.70100      0.0000000000    -17.360871      0.0000000000      629.9999999999
   1636  -0.70000      0.0000000000    -17.333659      0.0000000000      629.9999999999
   1646  -0.69900      0.0000000000    -17.306448      0.0000000000      629.9999999999
   1656  -0.69800      0.0000000000    -17.279237      0.0000000000      629.9999999999
   1666  -0.69700      0.0000000000    -17.252025      0.0000000000      629.9999999999
   1676  -0.69600      0.0000000000    -17.224814      0.0000000000      629.9999999999
   1686  -0.69500      0.0000000000    -17.197602      0.0000000000      629.9999999999
   1696  -0.69400      0.0000000000    -17.170391      0.0000000000      629.9999999999
   1706  -0.69300      0.0000000000    -17.143180      0.0000000000      629.9999999999
   1716  -0.69200      0.0000000000    -17.115968      0.0000000000      629.9999999999
   1726  -0.69100      0.0000000000    -17.088757      0.0000000000      629.9999999999
   1736  -0.69000      0.0000000000    -17.061545      0.0000000000      629.9999999999
   1746  -0.68900      0.0000000000    -17.034334      0.0000000000      629.9999999999
   1756  -0.68800      0.0000000000    -17.007123      0.0000000000      629.9999999999
   1766  -0.68700      0.0000000000    -16.979911      0.0000000000      629.9999999999
   1776  -0.68600      0.0000000000    -16.952700      0.0000000000      629.9999999999
   1786  -0.68500      0.0000000000    -16.925488      0.0000000000      629.9999999999
   1796  -0.68400      0.0000000000    -16.898277      0.0000000000      629.9999999999
   1806  -0.68300      0.0000000000    -16.871066      0.0000000000      629.9999999999
   1816  -0.68200      0.0000000000    -16.843854      0.0000000000      629.9999999999
   1826  -0.68100      0.0000000000    -16.816643      0.0000000000      629.9999999999
   1836  -0.68000      0.0000000000    -16.789431      0.0000000000      629.9999999999
   1846  -0.67900      0.0000000000    -16.762220      0.0000000000      629.9999999999
   1856  -0.67800      0.0000000000    -16.735009      0.0000000000      629.9999999999
   1866  -0.67700      0.0000000000    -16.707797      0.0000000000      629.9999999999
   1876  -0.67600      0.0000000000    -16.680586      0.0000000000      629.9999999999
   1886  -0.67500      0.0000000000    -16.653374      0.0000000000      629.9999999999
   1896  -0.67400      0.0000000000    -16.626163      0.0000000000      629.9999999999
   1906  -0.67300      0.0000000000    -16.598952      0.0000000000      629.9999999999
   1916  -0.67200      0.0000000000    -16.571740      0.0000000000      629.9999999999
   1926  -0.67100      0.0000000000    -16.544529      0.0000000000      629.9999999999
   1936  -0.67000      0.0000000000    -16.517317      0.0000000000      629.9999999999
   1946  -0.66900      0.0000000000    -16.490106      0.0000000000      629.9999999999
   1956  -0.66800      0.0000000000    -16.462895      0.0000000000      629.9999999999
   1966  -0.66700      0.0000000000    -16.435683      0.0000000000      629.9999999999
   1976  -0.66600      0.0000000000    -16.408472      0.0000000000      629.9999999999
   1986  -0.66500      0.0000000000    -16.381260      0.0000000000      629.9999999999
   1996  -0.66400      0.0000000000    -16.354049      0.0000000000      629.9999999999
   2006  -0.66300      0.0000000000    -16.326838      0.0000000000      629.9999999999
   2016  -0.66200      0.0000000000    -16.299626      0.0000000000      629.9999999999
   2026  -0.66100      0.0000000000    -16.272415      0.0000000000      629.9999999999
   2036  -0.66000      0.0000000000    -16.245204      0.0000000000      629.9999999999
   2046  -0.65900      0.0000000000    -16.217992      0.0000000000      629.9999999999
   2056  -0.65800      0.0000000000    -16.190781      0.0000000000      629.9999999999
   2066  -0.65700      0.0000000000    -16.163569      0.0000000000      629.9999999999
   2076  -0.65600      0.0000000000    -16.136358      0.0000000000      629.9999999999
   2086  -0.65500      0.0000000000    -16.109147      0.0000000000      629.9999999999
   2096  -0.65400      0.0000000000    -16.081935      0.0000000000      629.9999999999
   2106  -0.65300      0.0000000000    -16.054724      0.0000000000      629.9999999999
   2116  -0.65200      0.0000000000    -16.027512      0.0000000000      629.9999999999
   2126  -0.65100      0.0000000000    -16.000301      0.0000000000      629.9999999999
   2136  -0.65000      0.0000000000    -15.973090      0.0000000000      629.9999999999
   2146  -0.64900      0.0000000000    -15.945878      0.0000000000      629.9999999999
   2156  -0.64800      0.0000000000    -15.918667      0.0000000000      629.9999999999
   2166  -0.64700      0.0000000000    -15.891455      0.0000000000      629.9999999999
   2176  -0.64600      0.0000000000    -15.864244      0.0000000000      629.9999999999
   2186  -0.64500      0.0000000000    -15.837033      0.0000000000      629.9999999999
   2196  -0.64400      0.0000000000    -15.809821      0.0000000000      629.9999999999
   2206  -0.64300      0.0000000000    -15.782610      0.0000000000      629.9999999999
   2216  -0.64200      0.0000000000    -15.755398      0.0000000000      629.9999999999
   2226  -0.64100      0.0000000000    -15.728187      0.0000000000      629.9999999999
   2236  -0.64000      0.0000000000    -15.700976      0.0000000000      629.9999999999
   2246  -0.63900      0.0000000000    -15.673764      0.0000000000      629.9999999999
   2256  -0.63800      0.0000000000    -15.646553      0.0000000000      629.9999999999
   2266  -0.63700      0.0000000000    -15.619341      0.0000000000      629.9999999999
   2276  -0.63600      0.0000000000    -15.592130      0.0000000000      629.9999999999
   2286  -0.63500      0.0000000000    -15.564919      0.0000000000      629.9999999999
   2296  -0.63400      0.0000000000    -15.537707      0.0000000000      629.9999999999
   2306  -0.63300      0.0000000000    -15.510496      0.0000000000      629.9999999999
   2316  -0.63200      0.0000000000    -15.483284      0.0000000000      629.9999999999
   2326  -0.63100      0.0000000000    -15.456073      0.0000000000      629.9999999999
   2336  -0.63000      0.0000000000    -15.428862      0.0000000000      629.9999999999
   2346  -0.62900      0.0000000000    -15.401650      0.0000000000      629.9999999999
   2356  -0.62800      0.0000000000    -15.374439      0.0000000000      629.9999999999
   2366  -0.62700      0.0000000000    -15.347227      0.0000000000      629.9999999999
   2376  -0.62600      0.0000000000    -15.320016      0.0000000000      629.9999999999
   2386  -0.62500      0.0000000000    -15.292805      0.0000000000      629.9999999999
   2396  -0.62400      0.0000000000    -15.265593      0.0000000000      629.9999999999
   2406  -0.62300      0.0000000000    -15.238382      0.0000000000      629.9999999999
   2416  -0.62200      0.0000000000    -15.211170      0.0000000000      629.9999999999
   2426  -0.62100      0.0000000000    -15.183959      0.0000000000      629.9999999999
   2436  -0.62000      0.0000000000    -15.156748      0.0000000000      629.9999999999
   2446  -0.61900      0.0000000000    -15.129536      0.0000000000      629.9999999999
   2456  -0.61800      0.0000000000    -15.102325      0.0000000000      629.9999999999
   2466  -0.61700      0.0000000000    -15.075113      0.0000000000      629.9999999999
   2476  -0.61600      0.0000000000    -15.047902      0.0000000000      629.9999999999
   2486  -0.61500      0.0000000000    -15.020691      0.0000000000      629.9999999999
   2496  -0.61400      0.0000000000    -14.993479      0.0000000000      629.9999999999
   2506  -0.61300      0.0000000000    -14.966268      0.0000000000      629.9999999999
   2516  -0.61200      0.0000000000    -14.939056      0.0000000000      629.9999999999
   2526  -0.61100      0.0000000000    -14.911845      0.0000000000      629.9999999999
   2536  -0.61000      0.0000000000    -14.884634      0.0000000000      629.9999999999
   2546  -0.60900      0.0000000000    -14.857422      0.0000000000      629.9999999999
   2556  -0.60800      0.0000000000    -14.830211      0.0000000000      629.9999999999
   2566  -0.60700      0.0000000000    -14.803000      0.0000000000      629.9999999999
   2576  -0.60600      0.0000000000    -14.775788      0.0000000000      629.9999999999
   2586  -0.60500      0.0000000000    -14.748577      0.0000000000      629.9999999999
   2596  -0.60400      0.0000000000    -14.721365      0.0000000000      629.9999999999
   2606  -0.60300      0.0000000000    -14.694154      0.0000000000      629.9999999999
   2616  -0.60200      0.0000000000    -14.666943      0.0000000000      629.9999999999
   2626  -0.60100      0.0000000000    -14.639731      0.0000000000      629.9999999999
   2636  -0.60000      0.0000000000    -14.612520      0.0000000000      629.9999999999
   2646  -0.59900      0.0000000000    -14.585308      0.0000000000      629.9999999999
   2656  -0.59800      0.0000000000    -14.558097      0.0000000000      629.9999999999
   2666  -0.59700      0.0000000000    -14.530886      0.0000000000      629.9999999999
   2676  -0.59600      0.0000000000    -14.503674      0.0000000000      629.9999999999
   2686  -0.59500      0.0000000000    -14.476463      0.0000000000      629.9999999999
   2696  -0.59400      0.0000000000    -14.449251      0.0000000000      629.9999999999
   2706  -0.59300      0.0000000000    -14.422040      0.0000000000      629.9999999999
   2716  -0.59200      0.0000000000    -14.394829      0.0000000000      629.9999999999
   2726  -0.59100      0.0000000000    -14.367617      0.0000000000      629.9999999999
   2736  -0.59000      0.0000000000    -14.340406      0.0000000000      629.9999999999
   2746  -0.58900      0.0000000000    -14.313194      0.0000000000      629.9999999999
   2756  -0.58800      0.0000000000    -14.285983      0.0000000000      629.9999999999
   2766  -0.58700      0.0000000000    -14.258772      0.0000000000      629.9999999999
   2776  -0.58600      0.0000000000    -14.231560      0.0000000000      629.9999999999
   2786  -0.58500      0.0000000000    -14.204349      0.0000000000      629.9999999999
   2796  -0.58400      0.0000000000    -14.177137      0.0000000000      629.9999999999
   2806  -0.58300      0.0000000000    -14.149926      0.0000000000      629.9999999999
   2816  -0.58200      0.0000000000    -14.122715      0.0000000000      629.9999999999
   2826  -0.58100      0.0000000000    -14.095503      0.0000000000      629.9999999999
   2836  -0.58000      0.0000000000    -14.068292      0.0000000000      629.9999999999
   2846  -0.57900      0.0000000000    -14.041080      0.0000000000      629.9999999999
   2856  -0.57800      0.0000000000    -14.013869      0.0000000000      629.9999999999
   2866  -0.57700      0.0000000000    -13.986658      0.0000000000      629.9999999999
   2876  -0.57600      0.0000000000    -13.959446      0.0000000000      629.9999999999
   2886  -0.57500      0.0000000000    -13.932235      0.0000000000      629.9999999999
   2896  -0.57400      0.0000000000    -13.905023      0.0000000000      629.9999999999
   2906  -0.57300      0.0000000000    -13.877812      0.0000000000      629.9999999999
   2916  -0.57200      0.0000000000    -13.850601      0.0000000000      629.9999999999
   2926  -0.57100      0.0000000000    -13.823389      0.0000000000      629.9999999999
   2936  -0.57000      0.0000000000    -13.796178      0.0000000000      629.9999999999
   2946  -0.56900      0.0000000000    -13.768966      0.0000000000      629.9999999999
   2956  -0.56800      0.0000000000    -13.741755      0.0000000000      629.9999999999
   2966  -0.56700      0.0000000000    -13.714544      0.0000000000      629.9999999999
   2976  -0.56600      0.0000000000    -13.687332      0.0000000000      629.9999999999
   2986  -0.56500      0.0000000000    -13.660121      0.0000000000      629.9999999999
   2996  -0.56400      0.0000000000    -13.632909      0.0000000000      629.9999999999
   3006  -0.56300      0.0000000000    -13.605698      0.0000000000      629.9999999999
   3016  -0.56200      0.0000000000    -13.578487      0.0000000000      629.9999999999
   3026  -0.56100      0.0000000000    -13.551275      0.0000000000      629.9999999999
   3036  -0.56000      0.0000000000    -13.524064      0.0000000000      629.9999999999
   3046  -0.55900      0.0000000000    -13.496852      0.0000000000      629.9999999999
   3056  -0.55800      0.0000000000    -13.469641      0.0000000000      629.9999999999
   3066  -0.55700      0.0000000000    -13.442430      0.0000000000      629.9999999999
   3076  -0.55600      0.0000000000    -13.415218      0.0000000000      629.9999999999
   3086  -0.55500      0.0000000000    -13.388007      0.0000000000      629.9999999999
   3096  -0.55400      0.0000000000    -13.360796      0.0000000000      629.9999999999
   3106  -0.55300      0.0000000000    -13.333584      0.0000000000      629.9999999999
   3116  -0.55200      0.0000000000    -13.306373      0.0000000000      629.9999999999
   3126  -0.55100      0.0000000000    -13.279161      0.0000000000      629.9999999999
   3136  -0.55000      0.0000000000    -13.251950      0.0000000000      629.9999999999
   3146  -0.54900      0.0000000000    -13.224739      0.0000000000      629.9999999999
   3156  -0.54800      0.0000000000    -13.197527      0.0000000000      629.9999999999
   3166  -0.54700      0.0000000000    -13.170316      0.0000000000      629.9999999999
   3176  -0.54600      0.0000000000    -13.143104      0.0000000000      629.9999999999
   3186  -0.54500      0.0000000000    -13.115893      0.0000000000      629.9999999999
   3196  -0.54400      0.0000000000    -13.088682      0.0000000000      629.9999999999
   3206  -0.54300      0.0000000000    -13.061470      0.0000000000      629.9999999999
   3216  -0.54200      0.0000000000    -13.034259      0.0000000000      629.9999999999
   3226  -0.54100      0.0000000000    -13.007047      0.0000000000      629.9999999999
   3236  -0.54000      0.0000000000    -12.979836      0.0000000000      629.9999999999
   3246  -0.53900      0.0000000000    -12.952625      0.0000000000      629.9999999999
   3256  -0.53800      0.0000000000    -12.925413      0.0000000000      629.9999999999
   3266  -0.53700      0.0000000000    -12.898202      0.0000000000      629.9999999999
   3276  -0.53600      0.0000000000    -12.870990      0.0000000000      629.9999999999
   3286  -0.53500      0.0000000000    -12.843779      0.0000000000      629.9999999999
   3296  -0.53400      0.0000000000    -12.816568      0.0000000000      629.9999999999
   3306  -0.53300      0.0000000000    -12.789356      0.0000000000      629.9999999999
   3316  -0.53200      0.0000000000    -12.762145      0.0000000000      629.9999999999
   3326  -0.53100      0.0000000000    -12.734933      0.0000000000      629.9999999999
   3336  -0.53000      0.0000000000    -12.707722      0.0000000000      629.9999999999
   3346  -0.52900      0.0000000000    -12.680511      0.0000000000      629.9999999999
   3356  -0.52800      0.0000000000    -12.653299      0.0000000000      629.9999999999
   3366  -0.52700      0.0000000000    -12.626088      0.0000000000      629.9999999999
   3376  -0.52600      0.0000000000    -12.598876      0.0000000000      629.9999999999
   3386  -0.52500      0.0000000000    -12.571665      0.0000000000      629.9999999999
   3396  -0.52400      0.0000000000    -12.544454      0.0000000000      629.9999999999
   3406  -0.52300      0.0000000000    -12.517242      0.0000000000      629.9999999999
   3416  -0.52200      0.0000000000    -12.490031      0.0000000000      629.9999999999
   3426  -0.52100      0.0000000000    -12.462819      0.0000000000      629.9999999999
   3436  -0.52000      0.0000000000    -12.435608      0.0000000000      629.9999999999
   3446  -0.51900      0.0000000000    -12.408397      0.0000000000      629.9999999999
   3456  -0.51800      0.0000000000    -12.381185      0.0000000000      629.9999999999
   3466  -0.51700      0.0000000000    -12.353974      0.0000000000      629.9999999999
   3476  -0.51600      0.0000000000    -12.326762      0.0000000000      629.9999999999
   3486  -0.51500      0.0000000000    -12.299551      0.0000000000      629.9999999999
   3496  -0.51400      0.0000000000    -12.272340      0.0000000000      629.9999999999
   3506  -0.51300      0.0000000000    -12.245128      0.0000000000      629.9999999999
   3516  -0.51200      0.0000000000    -12.217917      0.0000000000      629.9999999999
   3526  -0.51100      0.0000000000    -12.190705      0.0000000000      629.9999999999
   3536  -0.51000      0.0000000000    -12.163494      0.0000000000      629.9999999999
   3546  -0.50900      0.0000000000    -12.136283      0.0000000000      629.9999999999
   3556  -0.50800      0.0000000000    -12.109071      0.0000000000      629.9999999999
   3566  -0.50700      0.0000000000    -12.081860      0.0000000000      629.9999999999
   3576  -0.50600      0.0000000000    -12.054648      0.0000000000      629.9999999999
   3586  -0.50500      0.0000000000    -12.027437      0.0000000000      629.9999999999
   3596  -0.50400      0.0000000000    -12.000226      0.0000000000      629.9999999999
   3606  -0.50300      0.0000000000    -11.973014      0.0000000000      629.9999999999
   3616  -0.50200      0.0000000000    -11.945803      0.0000000000      629.9999999999
   3626  -0.50100      0.0000000000    -11.918592      0.0000000000      629.9999999999
   3636  -0.50000      0.0000000000    -11.891380      0.0000000000      629.9999999999
   3646  -0.49900      0.0000000000    -11.864169      0.0000000000      629.9999999999
   3656  -0.49800      0.0000000000    -11.836957      0.0000000000      629.9999999999
   3666  -0.49700      0.0000000000    -11.809746      0.0000000000      629.9999999999
   3676  -0.49600      0.0000000000    -11.782535      0.0000000000      629.9999999999
   3686  -0.49500      0.0000000000    -11.755323      0.0000000000      629.9999999999
   3696  -0.49400      0.0000000000    -11.728112      0.0000000000      629.9999999999
   3706  -0.49300      0.0000000000    -11.700900      0.0000000000      629.9999999999
   3716  -0.49200      0.0000000000    -11.673689      0.0000000000      629.9999999999
   3726  -0.49100      0.0000000000    -11.646478      0.0000000000      629.9999999999
   3736  -0.49000      0.0000000000    -11.619266      0.0000000000      629.9999999999
   3746  -0.48900      0.0000000000    -11.592055      0.0000000000      629.9999999999
   3756  -0.48800      0.0000000000    -11.564843      0.0000000000      629.9999999999
   3766  -0.48700      0.0000000000    -11.537632      0.0000000000      629.9999999999
   3776  -0.48600      0.0000000000    -11.510421      0.0000000000      629.9999999999
   3786  -0.48500      0.0000000000    -11.483209      0.0000000000      629.9999999999
   3796  -0.48400      0.0000000000    -11.455998      0.0000000000      629.9999999999
   3806  -0.48300      0.0000000000    -11.428786      0.0000000000      629.9999999999
   3816  -0.48200      0.0000000000    -11.401575      0.0000000000      629.9999999999
   3826  -0.48100      0.0000000000    -11.374364      0.0000000000      629.9999999999
   3836  -0.48000      0.0000000000    -11.347152      0.0000000000      629.9999999999
   3846  -0.47900      0.0000000000    -11.319941      0.0000000000      629.9999999999
   3856  -0.47800      0.0000000000    -11.292729      0.0000000000      629.9999999999
   3866  -0.47700      0.0000000000    -11.265518      0.0000000000      629.9999999999
   3876  -0.47600      0.0000000000    -11.238307      0.0000000000      629.9999999999
   3886  -0.47500      0.0000000000    -11.211095      0.0000000000      629.9999999999
   3896  -0.47400      0.0000000000    -11.183884      0.0000000000      629.9999999999
   3906  -0.47300      0.0000000000    -11.156672      0.0000000000      629.9999999999
   3916  -0.47200      0.0000000000    -11.129461      0.0000000000      629.9999999999
   3926  -0.47100      0.0000000000    -11.102250      0.0000000000      629.9999999999
   3936  -0.47000      0.0000000000    -11.075038      0.0000000000      629.9999999999
   3946  -0.46900      0.0000000000    -11.047827      0.0000000000      629.9999999999
   3956  -0.46800      0.0000000000    -11.020615      0.0000000000      629.9999999999
   3966  -0.46700      0.0000000000    -10.993404      0.0000000000      629.9999999999
   3976  -0.46600      0.0000000000    -10.966193      0.0000000000      629.9999999999
   3986  -0.46500      0.0000000000    -10.938981      0.0000000000      629.9999999999
   3996  -0.46400      0.0000000000    -10.911770      0.0000000000      629.9999999999
   4006  -0.46300      0.0000000000    -10.884558      0.0000000000      629.9999999999
   4016  -0.46200      0.0000000000    -10.857347      0.0000000000      629.9999999999
   4026  -0.46100      0.0000000000    -10.830136      0.0000000000      629.9999999999
   4036  -0.46000      0.0000000000    -10.802924      0.0000000000      629.9999999999
   4046  -0.45900      0.0000000000    -10.775713      0.0000000000      629.9999999999
   4056  -0.45800      0.0000000000    -10.748501      0.0000000000      629.9999999999
   4066  -0.45700      0.0000000000    -10.721290      0.0000000000      629.9999999999
   4076  -0.45600      0.0000000000    -10.694079      0.0000000000      629.9999999999
   4086  -0.45500      0.0000000000    -10.666867      0.0000000000      629.9999999999
   4096  -0.45400      0.0000000000    -10.639656      0.0000000000      629.9999999999
   4106  -0.45300      0.0000000000    -10.612444      0.0000000000      629.9999999999
   4116  -0.45200      0.0000000000    -10.585233      0.0000000000      629.9999999999
   4126  -0.45100      0.0000000000    -10.558022      0.0000000000      629.9999999999
   4136  -0.45000      0.0000000000    -10.530810      0.0000000000      629.9999999999
   4146  -0.44900      0.0000000000    -10.503599      0.0000000000      629.9999999999
   4156  -0.44800      0.0000000000    -10.476388      0.0000000000      629.9999999999
   4166  -0.44700      0.0000000000    -10.449176      0.0000000000      629.9999999999
   4176  -0.44600      0.0000000000    -10.421965      0.0000000000      629.9999999999
   4186  -0.44500      0.0000000000    -10.394753      0.0000000000      629.9999999999
   4196  -0.44400      0.0000000000    -10.367542      0.0000000000      629.9999999999
   4206  -0.44300      0.0000000000    -10.340331      0.0000000000      629.9999999999
   4216  -0.44200      0.0000000000    -10.313119      0.0000000000      629.9999999999
   4226  -0.44100      0.0000000000    -10.285908      0.0000000000      629.9999999999
   4236  -0.44000      0.0000000000    -10.258696      0.0000000000      629.9999999999
   4246  -0.43900      0.0000000000    -10.231485      0.0000000000      629.9999999999
   4256  -0.43800      0.0000000000    -10.204274      0.0000000000      629.9999999999
   4266  -0.43700      0.0000000000    -10.177062      0.0000000000      629.9999999999
   4276  -0.43600      0.0000000000    -10.149851      0.0000000000      629.9999999999
   4286  -0.43500      0.0000000000    -10.122639      0.0000000000      629.9999999999
   4296  -0.43400      0.0000000000    -10.095428      0.0000000000      629.9999999999
   4306  -0.43300      0.0000000000    -10.068217      0.0000000000      629.9999999999
   4316  -0.43200      0.0000000000    -10.041005      0.0000000000      629.9999999999
   4326  -0.43100      0.0000000000    -10.013794      0.0000000000      629.9999999999
   4336  -0.43000      0.0000000000     -9.986582      0.0000000000      629.9999999999
   4346  -0.42900      0.0000000000     -9.959371      0.0000000000      629.9999999999
   4356  -0.42800      0.0000000000     -9.932160      0.0000000000      629.9999999999
   4366  -0.42700      0.0000000000     -9.904948      0.0000000000      629.9999999999
   4376  -0.42600      0.0000000000     -9.877737      0.0000000000      629.9999999999
   4386  -0.42500      0.0000000000     -9.850525      0.0000000000      629.9999999999
   4396  -0.42400      0.0000000000     -9.823314      0.0000000000      629.9999999999
   4406  -0.42300      0.0000000000     -9.796103      0.0000000000      629.9999999999
   4416  -0.42200      0.0000000000     -9.768891      0.0000000000      629.9999999999
   4426  -0.42100      0.0000000000     -9.741680      0.0000000000      629.9999999999
   4436  -0.42000      0.0000000000     -9.714468      0.0000000000      629.9999999999
   4446  -0.41900      0.0000000009     -9.687257      0.0000000000      629.9999999999
   4456  -0.41800      0.0000009364     -9.660046      0.0000000344      630.0000000001
   4466  -0.41700      0.0003890541     -9.632834      0.0000142975      630.0000000893
   4476  -0.41600      0.0621736278     -9.605623      0.0022848378      630.0000163266
   4486  -0.41500      3.8520990529     -9.578411      0.1415619776      630.0011957494
   4496  -0.41400     93.4185119024     -9.551200      3.4330657416      630.0359334410
   4506  -0.41300    896.4055032046     -9.523989     32.9422826474      630.4586613574
   4516  -0.41200   3439.7078098525     -9.496777    126.4068844866      632.6243366567
   4526  -0.41100   5319.8477035105     -9.469566    195.5007260262      637.3671700152
   4536  -0.41000   3324.0984139743     -9.442354    122.1583190973      641.8435860078
   4546  -0.40900    835.5768617017     -9.415143     30.7068721170      643.6619973237
   4556  -0.40800     83.7136026064     -9.387932      3.0764170330      643.9765555672
   4566  -0.40700      4.8562444423     -9.360720      0.1784636266      643.9998244821
   4576  -0.40600     29.4110371917     -9.333509      1.0808352879      644.0121026223
   4586  -0.40500    216.0334338324     -9.306297      7.9390793711      644.1223529911
   4596  -0.40400    627.7042067232     -9.279086     23.0676957280      644.5594899950
   4606  -0.40300    725.6882583049     -9.251875     26.6685418971      645.2936076928
   4616  -0.40200    334.1915039462     -9.224663     12.2813067769      645.8190080044
   4626  -0.40100     60.9532209287     -9.197452      2.2399887383      645.9786076104
   4636  -0.40000      4.3571351950     -9.170241      0.1601217068      645.9989153422
   4646  -0.39900      0.1206065187     -9.143029      0.0044322062      645.9999774445
   4656  -0.39800      0.0012783419     -9.115818      0.0000469782      645.9999998132
   4666  -0.39700      0.0000051409     -9.088606      0.0000001889      645.9999999993
   4676  -0.39600      0.0000000078     -9.061395      0.0000000003      645.9999999999
   4686  -0.39500      0.0000000000     -9.034184      0.0000000000      645.9999999999
   4696  -0.39400      0.0000000000     -9.006972      0.0000000000      645.9999999999
   4706  -0.39300      0.0000000000     -8.979761      0.0000000000      645.9999999999
   4716  -0.39200      0.0000000000     -8.952549      0.0000000000      645.9999999999
   4726  -0.39100      0.0000000000     -8.925338      0.0000000000      645.9999999999
   4736  -0.39000      0.0000000000     -8.898127      0.0000000000      645.9999999999
   4746  -0.38900      0.0000000000     -8.870915      0.0000000000      645.9999999999
   4756  -0.38800      0.0000000000     -8.843704      0.0000000000      645.9999999999
   4766  -0.38700      0.0000000000     -8.816492      0.0000000000      645.9999999999
   4776  -0.38600      0.0000000000     -8.789281      0.0000000000      645.9999999999
   4786  -0.38500      0.0000000000     -8.762070      0.0000000000      645.9999999999
   4796  -0.38400      0.0000000000     -8.734858      0.0000000000      645.9999999999
   4806  -0.38300      0.0000000000     -8.707647      0.0000000000      645.9999999999
   4816  -0.38200      0.0000000000     -8.680435      0.0000000000      645.9999999999
   4826  -0.38100      0.0000000000     -8.653224      0.0000000000      645.9999999999
   4836  -0.38000      0.0000000000     -8.626013      0.0000000000      645.9999999999
   4846  -0.37900      0.0000000000     -8.598801      0.0000000000      645.9999999999
   4856  -0.37800      0.0000000000     -8.571590      0.0000000000      645.9999999999
   4866  -0.37700      0.0000000000     -8.544378      0.0000000000      645.9999999999
   4876  -0.37600      0.0000000000     -8.517167      0.0000000000      645.9999999999
   4886  -0.37500      0.0000000000     -8.489956      0.0000000000      645.9999999999
   4896  -0.37400      0.0000000003     -8.462744      0.0000000000      645.9999999999
   4906  -0.37300      0.0000003901     -8.435533      0.0000000143      646.0000000000
   4916  -0.37200      0.0001840409     -8.408321      0.0000067634      646.0000000415
   4926  -0.37100      0.0339406661     -8.381110      0.0012472960      646.0000087096
   4936  -0.37000      2.4878699745     -8.353899      0.0914275019      646.0007461105
   4946  -0.36900     74.1402897960     -8.326687      2.7246044042      646.0269885029
   4956  -0.36800    925.5741519127     -8.299476     34.0142103261      646.4309020380
   4966  -0.36700   5021.4776533138     -8.272264    184.5358329148      649.2246357815
   4976  -0.36600  12335.2832996780     -8.245053    453.3131351174      658.2632943527
   4986  -0.36500  14456.6656237015     -8.217842    531.2724692262      672.5415344444
   4996  -0.36400   8927.3606868687     -8.190630    328.0743346522      684.2885439327
   5006  -0.36300   3372.3994895649     -8.163419    123.9333502395      689.9285598067
   5016  -0.36200    786.3792339397     -8.136207     28.8988933021      691.6596263000
   5026  -0.36100     93.3302973407     -8.108996      3.4298239174      691.9713657862
   5036  -0.36000      4.7693430415     -8.081785      0.1752700602      691.9989239089
   5046  -0.35900      0.0971687887     -8.054573      0.0035708858      691.9999832288
   5056  -0.35800      0.0007646842     -8.027362      0.0000281016      691.9999998957
   5066  -0.35700      0.0000022900     -8.000150      0.0000000842      691.9999999997
   5076  -0.35600      0.0000000026     -7.972939      0.0000000001      691.9999999999
   5086  -0.35500      0.0000000000     -7.945728      0.0000000000      691.9999999999
   5096  -0.35400      0.0000000000     -7.918516      0.0000000000      691.9999999999
   5106  -0.35300      0.0000000000     -7.891305      0.0000000000      691.9999999999
   5116  -0.35200      0.0000000000     -7.864093      0.0000000000      691.9999999999
   5126  -0.35100      0.0000000000     -7.836882      0.0000000000      691.9999999999
   5136  -0.35000      0.0000000000     -7.809671      0.0000000000      691.9999999999
   5146  -0.34900      0.0000000000     -7.782459      0.0000000000      691.9999999999
   5156  -0.34800      0.0000000000     -7.755248      0.0000000000      691.9999999999
   5166  -0.34700      0.0000000000     -7.728037      0.0000000000      691.9999999999
   5176  -0.34600      0.0000000000     -7.700825      0.0000000000      691.9999999999
   5186  -0.34500      0.0000000000     -7.673614      0.0000000000      691.9999999999
   5196  -0.34400      0.0000000000     -7.646402      0.0000000000      691.9999999999
   5206  -0.34300      0.0000000000     -7.619191      0.0000000000      691.9999999999
   5216  -0.34200      0.0000000000     -7.591980      0.0000000000      691.9999999999
   5226  -0.34100      0.0000000000     -7.564768      0.0000000000      691.9999999999
   5236  -0.34000      0.0000000000     -7.537557      0.0000000000      691.9999999999
   5246  -0.33900      0.0000000000     -7.510345      0.0000000000      691.9999999999
   5256  -0.33800      0.0000000000     -7.483134      0.0000000000      691.9999999999
   5266  -0.33700      0.0000000000     -7.455923      0.0000000000      691.9999999999
   5276  -0.33600      0.0000000000     -7.428711      0.0000000000      691.9999999999
   5286  -0.33500      0.0000000005     -7.401500      0.0000000000      691.9999999999
   5296  -0.33400      0.0000004847     -7.374288      0.0000000178      692.0000000000
   5306  -0.33300      0.0001747990     -7.347077      0.0000064237      692.0000000408
   5316  -0.33200      0.0238460004     -7.319866      0.0008763240      692.0000064274
   5326  -0.33100      1.2409776700     -7.292654      0.0456050716      692.0003995540
   5336  -0.33000     24.8966269671     -7.265443      0.9149338325      692.0100899654
   5346  -0.32900    194.8645028709     -7.238231      7.1611357902      692.1077053563
   5356  -0.32800    601.8835932357     -7.211020     22.1188060296      692.5175724852
   5366  -0.32700    739.4569381308     -7.183809     27.1745313638      693.2458939736
   5376  -0.32600    361.9327023153     -7.156597     13.3007766423      693.7973833025
   5386  -0.32500     70.2007312832     -7.129386      2.5798283519      693.9747281405
   5396  -0.32400      5.3406644623     -7.102174      0.1962657275      693.9986427413
   5406  -0.32300      0.1574553559     -7.074963      0.0057863755      693.9999700319
   5416  -0.32200      0.0017787831     -7.047752      0.0000653690      693.9999997360
   5426  -0.32100      0.0000076285     -7.020540      0.0000002803      693.9999999990
   5436  -0.32000      0.0000000123     -6.993329      0.0000000005      693.9999999999
   5446  -0.31900      0.0000000000     -6.966117      0.0000000000      693.9999999999
   5456  -0.31800      0.0000000000     -6.938906      0.0000000000      693.9999999999
   5466  -0.31700      0.0000000000     -6.911695      0.0000000000      693.9999999999
   5476  -0.31600      0.0000000000     -6.884483      0.0000000000      693.9999999999
   5486  -0.31500      0.0000000000     -6.857272      0.0000000000      693.9999999999
   5496  -0.31400      0.0000000000     -6.830060      0.0000000000      693.9999999999
   5506  -0.31300      0.0000000000     -6.802849      0.0000000000      693.9999999999
   5516  -0.31200      0.0000000000     -6.775638      0.0000000000      693.9999999999
   5526  -0.31100      0.0000000000     -6.748426      0.0000000000      693.9999999999
   5536  -0.31000      0.0000000000     -6.721215      0.0000000000      693.9999999999
   5546  -0.30900      0.0000000000     -6.694003      0.0000000000      693.9999999999
   5556  -0.30800      0.0000000000     -6.666792      0.0000000000      693.9999999999
   5566  -0.30700      0.0000000000     -6.639581      0.0000000000      693.9999999999
   5576  -0.30600      0.0000000000     -6.612369      0.0000000000      693.9999999999
   5586  -0.30500      0.0000000000     -6.585158      0.0000000000      693.9999999999
   5596  -0.30400      0.0000000000     -6.557946      0.0000000000      693.9999999999
   5606  -0.30300      0.0000000000     -6.530735      0.0000000000      693.9999999999
   5616  -0.30200      0.0000000000     -6.503524      0.0000000000      693.9999999999
   5626  -0.30100      0.0000000000     -6.476312      0.0000000000      693.9999999999
   5636  -0.30000      0.0000000000     -6.449101      0.0000000000      693.9999999999
   5646  -0.29900      0.0000000000     -6.421889      0.0000000000      693.9999999999
   5656  -0.29800      0.0000000000     -6.394678      0.0000000000      693.9999999999
   5666  -0.29700      0.0000000000     -6.367467      0.0000000000      693.9999999999
   5676  -0.29600      0.0000000000     -6.340255      0.0000000000      693.9999999999
   5686  -0.29500      0.0000000000     -6.313044      0.0000000000      693.9999999999
   5696  -0.29400      0.0000000001     -6.285833      0.0000000000      693.9999999999
   5706  -0.29300      0.0000001297     -6.258621      0.0000000048      693.9999999999
   5716  -0.29200      0.0000589639     -6.231410      0.0000021669      694.0000000133
   5726  -0.29100      0.0104686798     -6.204198      0.0003847167      694.0000027006
   5736  -0.29000      0.7577120862     -6.176987      0.0278453954      694.0002272157
   5746  -0.28900     23.9556228163     -6.149776      0.8803525804      694.0085467467
   5756  -0.28800    357.2588694497     -6.122564     13.1290165150      694.1560558494
   5766  -0.28700   2603.1855563659     -6.095353     95.6652698750      695.4682463340
   5776  -0.28600   9030.8589827747     -6.068141    331.8778254887      701.2944342421
   5786  -0.28500  14269.1244527711     -6.040930    524.3804608229      713.7974518661
   5796  -0.28400  10037.6969940796     -6.013719    368.8784264779      726.4527929748
   5806  -0.28300   3213.5446196817     -5.986507    118.0955435718      732.4839093890
   5816  -0.28200    855.2659056756     -5.959296     31.4304308739      734.0334325363
   5826  -0.28100   1520.4514856611     -5.932084     55.8755411622      735.1223780691
   5836  -0.28000   2291.1622962498     -5.904873     84.1986307362      737.1775608255
   5846  -0.27900   1413.3629790983     -5.877662     51.9401125656      739.0939963902
   5856  -0.27800    348.1475221094     -5.850450     12.7941807980      739.8608326263
   5866  -0.27700     33.9073016365     -5.823239      1.2460698984      739.9906085580
   5876  -0.27600      1.2901143990     -5.796027      0.0474108124      739.9997356241
   5886  -0.27500      0.0189507544     -5.768816      0.0006964271      739.9999969982
   5896  -0.27400      0.0001063855     -5.741605      0.0000039096      739.9999999865
   5906  -0.27300      0.0000002264     -5.714393      0.0000000083      739.9999999999
   5916  -0.27200      0.0000000002     -5.687182      0.0000000000      739.9999999999
   5926  -0.27100      0.0000000000     -5.659970      0.0000000000      739.9999999999
   5936  -0.27000      0.0000000000     -5.632759      0.0000000000      739.9999999999
   5946  -0.26900      0.0000000000     -5.605548      0.0000000000      739.9999999999
   5956  -0.26800      0.0000000000     -5.578336      0.0000000000      739.9999999999
   5966  -0.26700      0.0000000000     -5.551125      0.0000000000      739.9999999999
   5976  -0.26600      0.0000000000     -5.523913      0.0000000000      739.9999999999
   5986  -0.26500      0.0000000000     -5.496702      0.0000000000      739.9999999999
   5996  -0.26400      0.0000000000     -5.469491      0.0000000000      739.9999999999
   6006  -0.26300      0.0000000000     -5.442279      0.0000000000      739.9999999999
   6016  -0.26200      0.0000000000     -5.415068      0.0000000000      739.9999999999
   6026  -0.26100      0.0000000000     -5.387856      0.0000000000      739.9999999999
   6036  -0.26000      0.0000000000     -5.360645      0.0000000000      739.9999999999
   6046  -0.25900      0.0000000000     -5.333434      0.0000000000      739.9999999999
   6056  -0.25800      0.0000000000     -5.306222      0.0000000000      739.9999999999
   6066  -0.25700      0.0000000000     -5.279011      0.0000000000      739.9999999999
   6076  -0.25600      0.0000000000     -5.251799      0.0000000000      739.9999999999
   6086  -0.25500      0.0000000000     -5.224588      0.0000000000      739.9999999999
   6096  -0.25400      0.0000000000     -5.197377      0.0000000000      739.9999999999
   6106  -0.25300      0.0000000000     -5.170165      0.0000000000      739.9999999999
   6116  -0.25200      0.0000000000     -5.142954      0.0000000000      739.9999999999
   6126  -0.25100      0.0000000000     -5.115742      0.0000000000      739.9999999999
   6136  -0.25000      0.0000000000     -5.088531      0.0000000000      739.9999999999
   6146  -0.24900      0.0000000000     -5.061320      0.0000000000      739.9999999999
   6156  -0.24800      0.0000000000     -5.034108      0.0000000000      739.9999999999
   6166  -0.24700      0.0000000000     -5.006897      0.0000000000      739.9999999999
   6176  -0.24600      0.0000000000     -4.979685      0.0000000000      739.9999999999
   6186  -0.24500      0.0000000000     -4.952474      0.0000000000      739.9999999999
   6196  -0.24400      0.0000000000     -4.925263      0.0000000000      739.9999999999
   6206  -0.24300      0.0000000000     -4.898051      0.0000000000      739.9999999999
   6216  -0.24200      0.0000000000     -4.870840      0.0000000000      739.9999999999
   6226  -0.24100      0.0000000000     -4.843629      0.0000000000      739.9999999999
   6236  -0.24000      0.0000000000     -4.816417      0.0000000000      739.9999999999
   6246  -0.23900      0.0000000000     -4.789206      0.0000000000      739.9999999999
   6256  -0.23800      0.0000000000     -4.761994      0.0000000000      739.9999999999
   6266  -0.23700      0.0000000000     -4.734783      0.0000000000      739.9999999999
   6276  -0.23600      0.0000000000     -4.707572      0.0000000000      739.9999999999
   6286  -0.23500      0.0000000000     -4.680360      0.0000000000      739.9999999999
   6296  -0.23400      0.0000000000     -4.653149      0.0000000000      739.9999999999
   6306  -0.23300      0.0000000015     -4.625937      0.0000000001      739.9999999999
   6316  -0.23200      0.0000012634     -4.598726      0.0000000464      740.0000000002
   6326  -0.23100      0.0003928369     -4.571515      0.0000144365      740.0000000937
   6336  -0.23000      0.0462601707     -4.544303      0.0017000293      740.0000127765
   6346  -0.22900      2.0811764009     -4.517092      0.0764817942      740.0006912310
   6356  -0.22800     36.1576838916     -4.489880      1.3287698908      740.0152683178
   6366  -0.22700    245.5311859630     -4.462669      9.0231013730      740.1436627271
   6376  -0.22600    658.9564666353     -4.435458     24.2161946782      740.6163214627
   6386  -0.22500    703.9308799807     -4.408246     25.8689732824      741.3539269035
   6396  -0.22400    299.4675881632     -4.381035     11.0052268730      741.8444985536
   6406  -0.22300     50.4192246996     -4.353823      1.8528716579      741.9828696676
   6416  -0.22200      3.3235613748     -4.326612      0.1221385833      741.9991942744
   6426  -0.22100      0.0847487763     -4.299401      0.0031144590      741.9999845040
   6436  -0.22000      0.0008267794     -4.272189      0.0000303836      741.9999998815
   6446  -0.21900      0.0000030582     -4.244978      0.0000001124      741.9999999996
   6456  -0.21800      0.0000000043     -4.217766      0.0000000002      741.9999999999
   6466  -0.21700      0.0000000000     -4.190555      0.0000000000      741.9999999999
   6476  -0.21600      0.0000000188     -4.163344      0.0000000007      741.9999999999
   6486  -0.21500      0.0000128739     -4.136132      0.0000004731      742.0000000027
   6496  -0.21400      0.0033426207     -4.108921      0.0001228390      742.0000008172
   6506  -0.21300      0.3324502758     -4.081709      0.0122173178      742.0000944803
   6516  -0.21200     12.7960730390     -4.054498      0.4702468395      742.0043975075
   6526  -0.21100    193.0726841912     -4.027287      7.0952876922      742.0849765956
   6536  -0.21000   1163.1557274336     -4.000075     42.7451690101      742.7150323443
   6546  -0.20900   2922.6897949373     -3.972864    107.4068298012      744.8482995315
   6556  -0.20800   3596.5420856688     -3.945652    132.1704357190      748.2824842630
   6566  -0.20700   3157.4257837486     -3.918441    116.0332151406      751.6789312068
   6576  -0.20600   2109.0442913484     -3.891230     77.5059199360      754.3258631787
   6586  -0.20500    731.3741976093     -3.864018     26.8774962364      755.6467571032
   6596  -0.20400    107.1528694514     -3.836807      3.9377938883      755.9652931785
   6606  -0.20300      6.2661664534     -3.809595      0.2302772860      755.9985337703
   6616  -0.20200      0.1432523383     -3.782384      0.0052644244      755.9999745219
   6626  -0.20100      0.0012637249     -3.755173      0.0000464410      755.9999998229
   6636  -0.20000      0.0000042595     -3.727961      0.0000001565      755.9999999994
   6646  -0.19900      0.0000000054     -3.700750      0.0000000002      755.9999999999
   6656  -0.19800      0.0000000000     -3.673538      0.0000000000      755.9999999999
   6666  -0.19700      0.0000000000     -3.646327      0.0000000000      755.9999999999
   6676  -0.19600      0.0000000000     -3.619116      0.0000000000      755.9999999999
   6686  -0.19500      0.0000000000     -3.591904      0.0000000000      755.9999999999
   6696  -0.19400      0.0000000000     -3.564693      0.0000000000      755.9999999999
   6706  -0.19300      0.0000000000     -3.537481      0.0000000000      755.9999999999
   6716  -0.19200      0.0000000000     -3.510270      0.0000000000      755.9999999999
   6726  -0.19100      0.0000000000     -3.483059      0.0000000000      755.9999999999
   6736  -0.19000      0.0000000000     -3.455847      0.0000000000      755.9999999999
   6746  -0.18900      0.0000000000     -3.428636      0.0000000000      755.9999999999
   6756  -0.18800      0.0000000000     -3.401425      0.0000000000      755.9999999999
   6766  -0.18700      0.0000000000     -3.374213      0.0000000000      755.9999999999
   6776  -0.18600      0.0000000000     -3.347002      0.0000000000      755.9999999999
   6786  -0.18500      0.0000000000     -3.319790      0.0000000000      755.9999999999
   6796  -0.18400      0.0000000000     -3.292579      0.0000000000      755.9999999999
   6806  -0.18300      0.0000000000     -3.265368      0.0000000000      755.9999999999
   6816  -0.18200      0.0000000000     -3.238156      0.0000000000      755.9999999999
   6826  -0.18100      0.0000000000     -3.210945      0.0000000000      755.9999999999
   6836  -0.18000      0.0000000000     -3.183733      0.0000000000      755.9999999999
   6846  -0.17900      0.0000000000     -3.156522      0.0000000000      755.9999999999
   6856  -0.17800      0.0000000000     -3.129311      0.0000000000      755.9999999999
   6866  -0.17700      0.0000000000     -3.102099      0.0000000000      755.9999999999
   6876  -0.17600      0.0000000000     -3.074888      0.0000000000      755.9999999999
   6886  -0.17500      0.0000000000     -3.047676      0.0000000000      755.9999999999
   6896  -0.17400      0.0000000000     -3.020465      0.0000000000      755.9999999999
   6906  -0.17300      0.0000000000     -2.993254      0.0000000000      755.9999999999
   6916  -0.17200      0.0000000000     -2.966042      0.0000000000      755.9999999999
   6926  -0.17100      0.0000000000     -2.938831      0.0000000000      755.9999999999
   6936  -0.17000      0.0000000000     -2.911619      0.0000000000      755.9999999999
   6946  -0.16900      0.0000000044     -2.884408      0.0000000002      755.9999999999
   6956  -0.16800      0.0000031652     -2.857197      0.0000001163      756.0000000006
   6966  -0.16700      0.0008510191     -2.829985      0.0000312744      756.0000002071
   6976  -0.16600      0.0867584733     -2.802774      0.0031883139      756.0000245626
   6986  -0.16500      3.3840422474     -2.775562      0.1243612135      756.0011602135
   6996  -0.16400     51.0635507300     -2.748351      1.8765501942      756.0224923480
   7006  -0.16300    301.7046627778     -2.721140     11.0874378189      756.1872614591
   7016  -0.16200    705.9343704094     -2.693928     25.9426001708      756.7206491824
   7026  -0.16100    677.5346469177     -2.666717     24.8989299624      757.4599572281
   7036  -0.16000    632.8245134967     -2.639505     23.2558634628      758.0419384784
   7046  -0.15900   3111.3350524609     -2.612294    114.3394126237      759.6772895221
   7056  -0.15800  10278.0375295685     -2.585083    377.7107750338      766.4529396871
   7066  -0.15700  14663.8297513229     -2.557871    538.8856077244      779.9132646382
   7076  -0.15600   8966.7272985710     -2.530660    329.5210304221      792.0561259622
   7086  -0.15500   2338.6310946153     -2.503448     85.9430762657      797.0167297457
   7096  -0.15400    256.9969557173     -2.476237      9.4444604864      797.9244489276
   7106  -0.15300     11.6929707869     -2.449026      0.4297085942      797.9974460252
   7116  -0.15200      0.3776341228     -2.421814      0.0138777930      798.0000086113
   7126  -0.15100      6.9282502068     -2.394603      0.2546084063      798.0023247113
   7136  -0.15000    115.4281353817     -2.367391      4.2419041914      798.0493228505
   7146  -0.14900    758.2591325881     -2.340180     27.8654990140      798.4496682683
   7156  -0.14800   1986.1206664201     -2.312969     72.9885616847      799.8863714371
   7166  -0.14700   2089.5974562886     -2.285757     76.7912621892      802.0892575027
   7176  -0.14600    883.8225819785     -2.258546     32.4798689897      803.5402608714
   7186  -0.14500    149.4227241256     -2.231334      5.4911818307      803.9489733024
   7196  -0.14400      9.9952367647     -2.204123      0.3673180424      803.9975589119
   7206  -0.14300      0.2614736727     -2.176912      0.0096089767      803.9999517541
   7216  -0.14200      0.0026458843     -2.149700      0.0000972344      803.9999996170
   7226  -0.14100      0.0000102617     -2.122489      0.0000003771      803.9999999987
   7236  -0.14000      0.0000000151     -2.095278      0.0000000006      803.9999999999
   7246  -0.13900      0.0000000000     -2.068066      0.0000000000      803.9999999999
   7256  -0.13800      0.0000000000     -2.040855      0.0000000000      803.9999999999
   7266  -0.13700      0.0000000000     -2.013643      0.0000000000      803.9999999999
   7276  -0.13600      0.0000000000     -1.986432      0.0000000000      803.9999999999
   7286  -0.13500      0.0000000000     -1.959221      0.0000000000      803.9999999999
   7296  -0.13400      0.0000000000     -1.932009      0.0000000000      803.9999999999
   7306  -0.13300      0.0000000000     -1.904798      0.0000000000      803.9999999999
   7316  -0.13200      0.0000000005     -1.877586      0.0000000000      803.9999999999
   7326  -0.13100      0.0000006164     -1.850375      0.0000000227      804.0000000000
   7336  -0.13000      0.0002764278     -1.823164      0.0000101585      804.0000000627
   7346  -0.12900      0.0493107094     -1.795952      0.0018121345      804.0000127078
   7356  -0.12800      3.5501507933     -1.768741      0.1304655878      804.0010676926
   7366  -0.12700    104.6363041133     -1.741529      3.8453118516      804.0381955214
   7376  -0.12600   1279.8551764327     -1.714318     47.0337930982      804.6005939517
   7386  -0.12500   6578.6776173504     -1.687107    241.7618552568      808.3388410316
   7396  -0.12400  14357.7627546409     -1.659895    527.6378571498      819.4245149855
   7406  -0.12300  13384.1820557814     -1.632684    491.8594394056      834.2558702369
   7416  -0.12200   5327.2573301378     -1.605472    195.7730246832      843.2384383259
   7426  -0.12100    898.7493153898     -1.578261     33.0284161252      845.6875823588
   7436  -0.12000     63.4180469038     -1.551050      2.3305693892      845.9840375932
   7446  -0.11900      1.8400039647     -1.523838      0.0676188739      845.9996475812
   7456  -0.11800      0.0215563078     -1.496627      0.0007921794      845.9999967488
   7466  -0.11700      0.0001002483     -1.469415      0.0000036841      845.9999999877
   7476  -0.11600      0.0000001824     -1.442204      0.0000000067      845.9999999999
   7486  -0.11500      0.0000000001     -1.414993      0.0000000000      845.9999999999
   7496  -0.11400      0.0000000001     -1.387781      0.0000000000      845.9999999999
   7506  -0.11300      0.0000001646     -1.360570      0.0000000061      845.9999999999
   7516  -0.11200      0.0000795311     -1.333358      0.0000029227      846.0000000178
   7526  -0.11100      0.0146389583     -1.306147      0.0005379716      846.0000037628
   7536  -0.11000      1.0354858298     -1.278936      0.0380533885      846.0003133158
   7546  -0.10900     28.4444005595     -1.251724      1.0453120598      846.0105991918
   7556  -0.10800    307.2779112676     -1.224513     11.2922508486      846.1507984575
   7566  -0.10700   1326.6038411195     -1.197301     48.7517742128      846.9524709409
   7576  -0.10600   2369.8350587951     -1.170090     87.0898003811      848.9335499393
   7586  -0.10500   2012.3843410860     -1.142879     73.9537335752      851.2128975509
   7596  -0.10400   1203.0422421947     -1.115667     44.2109708581      852.7630083490
   7606  -0.10300    583.2474591056     -1.088456     21.4339409816      853.6167256173
   7616  -0.10200    151.0193927856     -1.061244      5.5498583003      853.9367302840
   7626  -0.10100     16.3843086729     -1.034033      0.6021120189      853.9952740856
   7636  -0.10000      0.6992651310     -1.006822      0.0256975102      853.9998518434
   7646  -0.09900      0.0115025379     -0.979610      0.0004227103      853.9999981264
   7656  -0.09800      0.0000720900     -0.952399      0.0000026493      853.9999999906
   7666  -0.09700      0.0000001707     -0.925187      0.0000000063      853.9999999999
   7676  -0.09600      0.0000000002     -0.897976      0.0000000000      853.9999999999
   7686  -0.09500      0.0000000000     -0.870765      0.0000000000      853.9999999999
   7696  -0.09400      0.0000000000     -0.843553      0.0000000000      853.9999999999
   7706  -0.09300      0.0000000000     -0.816342      0.0000000000      853.9999999999
   7716  -0.09200      0.0000000000     -0.789130      0.0000000000      853.9999999999
   7726  -0.09100      0.0000000012     -0.761919      0.0000000000      853.9999999999
   7736  -0.09000      0.0000010913     -0.734708      0.0000000401      854.0000000001
   7746  -0.08900      0.0003796959     -0.707496      0.0000139536      854.0000000890
   7756  -0.08800      0.0526371292     -0.680285      0.0019343781      854.0000141054
   7766  -0.08700      3.0146328364     -0.653074      0.1107856730      854.0009466643
   7776  -0.08600     74.2669594481     -0.625862      2.7292594264      854.0282775634
   7786  -0.08500    812.2285850690     -0.598651     29.8488390890      854.3944808011
   7796  -0.08400   3987.5431905491     -0.571439    146.5394560635      856.6848233966
   7806  -0.08300   8716.3848494047     -0.544228    320.3211184519      863.3916512607
   7816  -0.08200   8339.1122165161     -0.517017    306.4566099640      872.5124924765
   7826  -0.08100   3428.0440004419     -0.489805    125.9782475528      878.1956265009
   7836  -0.08000    595.1196789851     -0.462594     21.8702368561      879.7911474443
   7846  -0.07900     42.9474777102     -0.435382      1.5782901206      879.9891204074
   7856  -0.07800      1.2701266999     -0.408171      0.0466762783      879.9997553886
   7866  -0.07700      0.0151917317     -0.380960      0.0005582856      879.9999976951
   7876  -0.07600      0.0000725545     -0.353748      0.0000026663      879.9999999910
   7886  -0.07500      0.0000001366     -0.326537      0.0000000050      879.9999999999
   7896  -0.07400      0.0000000001     -0.299325      0.0000000000      879.9999999999
   7906  -0.07300      0.0000000000     -0.272114      0.0000000000      879.9999999999
   7916  -0.07200      0.0000000000     -0.244903      0.0000000000      879.9999999999
   7926  -0.07100      0.0000000000     -0.217691      0.0000000000      879.9999999999
   7936  -0.07000      0.0000000094     -0.190480      0.0000000003      879.9999999999
   7946  -0.06900      0.0000070109     -0.163268      0.0000002576      880.0000000014
   7956  -0.06800      0.0019783558     -0.136057      0.0000727032      880.0000004783
   7966  -0.06700      0.2115965571     -0.108846      0.0077760272      880.0000594086
   7976  -0.06600      8.6547131880     -0.081634      0.3180547275      880.0029356482
   7986  -0.06500    136.8669348542     -0.054423      5.0297652535      880.0594324615
   7996  -0.06400    846.9984992869     -0.027211     31.1266094036      880.5152988579
   8006  -0.06300   2073.5937064478      0.000000     76.2031354443      882.0553129362
   8016  -0.06200   2021.4090877164      0.027211     74.2853867760      884.2628773679
   8026  -0.06100    784.5171760166      0.054423     28.8304639605      885.6115223624
   8036  -0.06000    122.1021590648      0.081634      4.4871699486      885.9611057652
   8046  -0.05900     51.4277423739      0.108846      1.8899339854      886.0150554038
   8056  -0.05800    449.1361304237      0.136057     16.5054423503      886.2250444335
   8066  -0.05700   1829.0537686377      0.163268     67.2164617558      887.3526459237
   8076  -0.05600   3021.0576267253      0.190480    111.0217796276      889.9717551759
   8086  -0.05500   2033.6504690381      0.217691     74.7352490783      892.6103427236
   8096  -0.05400    556.9688571041      0.244903     20.4682205218      893.7646072767
   8106  -0.05300     61.5839246986      0.272114      2.2631666659      893.9820488698
   8116  -0.05200      2.7531291468      0.299325      0.1011755932      893.9994245918
   8126  -0.05100      2.1542049572      0.326537      0.0791655432      894.0006501589
   8136  -0.05000     49.0357955264      0.353748      1.8020315921      894.0190830790
   8146  -0.04900    445.3861935691      0.380960     16.3676347628      894.2326503213
   8156  -0.04800   1597.3337722302      0.408171     58.7009120526      895.2634726015
   8166  -0.04700   2281.6839786020      0.435382     83.8503091140      897.3690608948
   8176  -0.04600   1301.7194937898      0.462594     47.8372916485      899.2045308176
   8186  -0.04500    295.3659386052      0.489805     10.8544940869      899.8862342935
   8196  -0.04400     26.4043752039      0.517017      0.9703425380      899.9929083757
   8206  -0.04300      1.1176452448      0.544228      0.0410726902      899.9998749609
   8216  -0.04200      6.3904566430      0.571439      0.2348448645      900.0022872514
   8226  -0.04100     79.3241834077      0.598651      2.9151089114      900.0371508677
   8236  -0.04000    387.2151023769      0.625862     14.2298873693      900.2620969621
   8246  -0.03900    749.3870938656      0.653074     27.5394577233      900.8722859763
   8256  -0.03800    577.8570807779      0.680285     21.2358483039      901.5760798533
   8266  -0.03700    177.1824086205      0.707496      6.5113310484      901.9218418536
   8276  -0.03600     21.4261736532      0.734708      0.7873970720      901.9935917769
   8286  -0.03500      1.0101228967      0.761919      0.0371213183      901.9997795685
   8296  -0.03400      0.0183460015      0.789130      0.0006742029      901.9999969348
   8306  -0.03300      0.0001270401      0.816342      0.0000046686      901.9999999831
   8316  -0.03200      0.0000003327      0.843553      0.0000000122      901.9999999999
   8326  -0.03100      0.0000000003      0.870765      0.0000000000      901.9999999999
   8336  -0.03000      0.0000000000      0.897976      0.0000000000      901.9999999999
   8346  -0.02900      0.0000000000      0.925187      0.0000000000      901.9999999999
   8356  -0.02800      0.0000000000      0.952399      0.0000000000      901.9999999999
   8366  -0.02700      0.0000000000      0.979610      0.0000000000      901.9999999999
   8376  -0.02600      0.0000000000      1.006822      0.0000000000      901.9999999999
   8386  -0.02500      0.0000000000      1.034033      0.0000000000      901.9999999999
   8396  -0.02400      0.0000000017      1.061244      0.0000000001      901.9999999999
   8406  -0.02300      0.0000015569      1.088456      0.0000000572      902.0000000002
   8416  -0.02200      0.0005617418      1.115667      0.0000206436      902.0000001311
   8426  -0.02100      0.0802898220      1.142879      0.0029505955      902.0000214198
   8436  -0.02000      4.6751631072      1.170090      0.1718090127      902.0014647064
   8446  -0.01900    114.3265456773      1.197301      4.2014215312      902.0436836871
   8456  -0.01800   1206.1303440026      1.224513     44.3244564650      902.5939430344
   8466  -0.01700   5602.8357219042      1.251724    205.9003401009      905.8737584236
   8476  -0.01600  11671.1617055714      1.278936    428.9071255747      915.0066261625
   8486  -0.01500  11215.7481642988      1.306147    412.1709927147      927.1616696015
   8496  -0.01400   5505.4856681880      1.333358    202.3227929151      935.2740685738
   8506  -0.01300   2390.6219443190      1.360570     87.8537040562      938.7403501631
   8516  -0.01200   1537.1542980379      1.387781     56.4893579721      940.6239361298
   8526  -0.01100    633.3883027730      1.414993     23.2765823290      941.6652983438
   8536  -0.01000    110.5288101965      1.442204      4.0618573772      941.9617235306
   8546  -0.00900      7.6537796337      1.469415      0.2812711112      941.9981112076
   8556  -0.00800      0.2095471565      1.496627      0.0077007132      941.9999623277
   8566  -0.00700      0.2937564927      1.523838      0.0107953481      942.0000828772
   8576  -0.00600     10.9433204596      1.551050      0.4021594629      942.0037838875
   8586  -0.00500    159.9425257230      1.578261      5.8777772681      942.0711229651
   8596  -0.00400    921.8296335822      1.605472     33.8766018657      942.5782882873
   8606  -0.00300   2118.2534960949      1.632684     77.8443518450      944.1893359576
   8616  -0.00200   1953.2431934732      1.659895     71.7803372788      946.3760602656
   8626  -0.00100    722.6078223923      1.687107     26.5553380065      947.6493764076
   8636   0.00000    106.5481199931      1.714318      3.9155697637      947.9655502330
   8646   0.00100      6.1956180857      1.741529      0.2276846822      947.9985540083
   8656   0.00200      0.1404338807      1.768741      0.0051608480      947.9999750834
   8666   0.00300      0.0012277250      1.795952      0.0000451180      947.9999998283
   8676   0.00400      0.0000041036      1.823164      0.0000001508      947.9999999994
   8686   0.00500      0.0000000052      1.850375      0.0000000002      947.9999999999
   8696   0.00600      0.0000000000      1.877586      0.0000000000      947.9999999999
   8706   0.00700      0.0000000000      1.904798      0.0000000000      947.9999999999
   8716   0.00800      0.0000000000      1.932009      0.0000000000      947.9999999999
   8726   0.00900      0.0000000000      1.959221      0.0000000000      947.9999999999
   8736   0.01000      0.0000000000      1.986432      0.0000000000      947.9999999999
   8746   0.01100      0.0000000000      2.013643      0.0000000000      947.9999999999
   8756   0.01200      0.0000000000      2.040855      0.0000000000      947.9999999999
   8766   0.01300      0.0000000000      2.068066      0.0000000000      947.9999999999
   8776   0.01400      0.0000000000      2.095278      0.0000000000      947.9999999999
   8786   0.01500      0.0000000000      2.122489      0.0000000000      947.9999999999
   8796   0.01600      0.0000000030      2.149700      0.0000000001      947.9999999999
   8806   0.01700      0.0000022569      2.176912      0.0000000829      948.0000000004
   8816   0.01800      0.0006404211      2.204123      0.0000235350      948.0000001546
   8826   0.01900      0.0688753350      2.231334      0.0025311210      948.0000193192
   8836   0.02000      2.8325105747      2.258546      0.1040928058      948.0009596086
   8846   0.02100     45.0346474782      2.285757      1.6549921669      948.0195240429
   8856   0.02200    280.1725860185      2.312969     10.2961488809      948.1700674445
   8866   0.02300    689.4991299845      2.340180     25.3386164452      948.6811242228
   8876   0.02400    675.6441392174      2.367391     24.8294551111      949.4172481876
   8886   0.02500    263.5784138934      2.394603      9.6863245252      949.8691289779
   8896   0.02600     40.6585352588      2.421814      1.4941730676      949.9866575278
   8906   0.02700      2.4528308084      2.449026      0.0901398368      949.9994220645
   8916   0.02800      0.0571775764      2.476237      0.0021012364      949.9999897965
   8926   0.02900      0.0005094518      2.503448      0.0000187220      949.9999999285
   8936   0.03000      0.0000017198      2.530660      0.0000000632      949.9999999997
   8946   0.03100      0.0000000022      2.557871      0.0000000001      949.9999999999
   8956   0.03200      0.0000000000      2.585083      0.0000000000      949.9999999999
   8966   0.03300      0.0000000000      2.612294      0.0000000000      949.9999999999
   8976   0.03400      0.0000000000      2.639505      0.0000000000      949.9999999999
   8986   0.03500      0.0000000000      2.666717      0.0000000000      949.9999999999
   8996   0.03600      0.0000000000      2.693928      0.0000000000      949.9999999999
   9006   0.03700      0.0000000000      2.721140      0.0000000000      949.9999999999
   9016   0.03800      0.0000000000      2.748351      0.0000000000      949.9999999999
   9026   0.03900      0.0000000000      2.775562      0.0000000000      949.9999999999
   9036   0.04000      0.0000000050      2.802774      0.0000000002      949.9999999999
   9046   0.04100      0.0000039813      2.829985      0.0000001463      950.0000000008
   9056   0.04200      0.0012069996      2.857197      0.0000443564      950.0000002888
   9066   0.04300      0.1405600770      2.884408      0.0051654857      950.0000388636
   9076   0.04400      6.3660970178      2.911619      0.2339496652      950.0021090049
   9086   0.04500    113.8376360136      2.938831      4.1834544389      950.0476028883
   9096   0.04600    817.2258789164      2.966042     30.0324861838      950.4668505028
   9106   0.04700   2393.0260443086      2.993254     87.9420530691      952.1240923677
   9116   0.04800   2892.3200346111      3.020465    106.2907621008      954.9840899343
   9126   0.04900   1450.0427445371      3.047676     53.2880685924      957.1589200107
   9136   0.05000    300.6313728333      3.074888     11.0479951553      957.8870107750
   9146   0.05100     25.5218283762      3.102099      0.9379095521      957.9931980122
   9156   0.05200      0.8746200076      3.129311      0.0321416807      957.9998250063
   9166   0.05300      0.0119087356      3.156522      0.0004376378      957.9999981410
   9176   0.05400      0.0000634495      3.183733      0.0000023317      957.9999999920
   9186   0.05500      0.0000001305      3.210945      0.0000000048      957.9999999999
   9196   0.05600      0.0000000001      3.238156      0.0000000000      957.9999999999
END
