 ===== energy eigen values =====
 ik =    1 (  0.500000  0.500000  0.500000 )
     -0.85459793     -0.85458566     -0.85454404     -0.85452614     -0.85449260
     -0.85448861     -0.85440841     -0.85436309     -0.85376913     -0.85372232
     -0.85370685     -0.85369641     -0.85368447     -0.85367003     -0.85366207
     -0.85359504     -0.85357730     -0.85349964     -0.85344065     -0.85342371
     -0.85340540     -0.85333229     -0.85326899     -0.85324462     -0.85324250
     -0.85317262     -0.85315071     -0.85303233     -0.85301300     -0.85298294
     -0.85295852     -0.85291270     -0.85282377     -0.85280983     -0.85275853
     -0.85275425     -0.85274789     -0.85274375     -0.85270384     -0.85269626
     -0.85267868     -0.85264879     -0.85262110     -0.85254928     -0.85251105
     -0.85249101     -0.85246480     -0.85245751     -0.85245412     -0.85242099
     -0.85238054     -0.85236866     -0.85235001     -0.85228056     -0.85224477
     -0.85222329     -0.85219931     -0.85215056     -0.85212590     -0.85209720
     -0.85201971     -0.85201957     -0.85195569     -0.85194223     -0.85192695
     -0.85122496     -0.85122051     -0.85119904     -0.85111321     -0.85080900
     -0.85077084     -0.85075620     -0.85041866     -0.85024683     -0.85020057
     -0.85019963     -0.85006494     -0.85002096     -0.84997684     -0.84996495
     -0.84995460     -0.84988780     -0.84985735     -0.84982173     -0.84982112
     -0.84976049     -0.84975539     -0.84966206     -0.84963468     -0.84962897
     -0.84960286     -0.84957205     -0.84953278     -0.84941501     -0.84940023
     -0.84938439     -0.84935481     -0.84933524     -0.84897040     -0.84896781
     -0.84896304     -0.84870679     -0.84867544     -0.84866636     -0.84841510
     -0.84841022     -0.84836873     -0.84832923     -0.84832912     -0.84816957
     -0.84812634     -0.84810747     -0.84777396     -0.84762769     -0.84761427
     -0.84744401     -0.84744159     -0.84740905     -0.84740752     -0.84720022
     -0.84718138     -0.84713844     -0.84699303     -0.84697009     -0.84694992
     -0.84694057     -0.84692759     -0.84688946     -0.84684937     -0.84678335
     -0.84678026     -0.84673499     -0.84671984     -0.84648641     -0.84645927
     -0.84645860     -0.84639828     -0.84630911     -0.84627189     -0.84626316
     -0.84619351     -0.84616837     -0.84615567     -0.84611937     -0.84611849
     -0.84603825     -0.84599570     -0.84599241     -0.84599038     -0.84598188
     -0.84595679     -0.84594900     -0.84584213     -0.84583908     -0.84582726
     -0.84582027     -0.84580426     -0.84567515     -0.84565267     -0.84563162
     -0.84551153     -0.84543715     -0.84542029     -0.84539483     -0.84537546
     -0.84532940     -0.84531901     -0.84516876     -0.84516274     -0.84508720
     -0.84506537     -0.84504847     -0.84503807     -0.84500286     -0.84499248
     -0.84496979     -0.84495919     -0.84477674     -0.84475481     -0.84473811
     -0.84465372     -0.84459709     -0.84458259     -0.84456152     -0.84434187
     -0.84433242     -0.84430541     -0.84403021     -0.84376158     -0.84374541
     -0.84373598     -0.84355162     -0.84349610     -0.84349358     -0.84348767
     -0.84347468     -0.84345841     -0.84343321     -0.84342131     -0.84340619
     -0.84339096     -0.84337040     -0.84307904     -0.84303957     -0.84303538
     -0.84301187     -0.84297179     -0.84295287     -0.84294472     -0.84249066
     -0.84246917     -0.84245863     -0.84230550     -0.84229285     -0.84223549
     -0.84221863     -0.84220946     -0.84216591     -0.84213117     -0.84210636
     -0.84210132     -0.84208219     -0.84204556     -0.84203924     -0.84201215
     -0.84199292     -0.84196904     -0.84193696     -0.84180714     -0.84179596
     -0.84179057     -0.84178030     -0.84173421     -0.84171786     -0.84169980
     -0.84167168     -0.84166875     -0.84165003     -0.84164655     -0.84163177
     -0.84149459     -0.84146097     -0.84145422     -0.84143674     -0.84141758
     -0.84141545     -0.84125892     -0.84111838     -0.84110666     -0.84109638
     -0.84057810     -0.84051313     -0.84048231     -0.84047648     -0.83981196
     -0.83979377     -0.83978295     -0.83973011     -0.83970809     -0.83956843
     -0.83956103     -0.83951049     -0.83947085     -0.83946035     -0.83945971
     -0.83943678     -0.83942637     -0.83931177     -0.83928177     -0.83925928
     -0.83888092     -0.83886599     -0.83885678     -0.83882850     -0.83881880
     -0.83874205     -0.83870149     -0.83869350     -0.83864680     -0.83863065
     -0.83860508     -0.83857181     -0.83842683     -0.83839106     -0.83837493
     -0.83837247     -0.83834864     -0.83833794     -0.83833002     -0.83832070
     -0.83823623     -0.83812722     -0.83811683     -0.83811366     -0.83803140
     -0.83799946     -0.83795979     -0.83791237     -0.83789306     -0.83788206
     -0.83784532     -0.83783641     -0.83781935     -0.83781063     -0.83779558
     -0.83779157     -0.83778891     -0.83776193     -0.83767174     -0.83760294
     -0.83758301     -0.83748250     -0.83746739     -0.83745828     -0.83741145
     -0.41131754     -0.41113187     -0.41109930     -0.41105588     -0.41104528
     -0.41094961     -0.41088489     -0.40339229     -0.36620042     -0.36597602
     -0.36595755     -0.36594530     -0.36582617     -0.36571832     -0.36568264
     -0.36561989     -0.36556681     -0.36547571     -0.36530756     -0.36527654
     -0.36512666     -0.36509605     -0.36505077     -0.36501140     -0.36499633
     -0.36498262     -0.36496979     -0.36474219     -0.36380039     -0.36367510
     -0.36366333     -0.32732620     -0.28611843     -0.28551343     -0.28526673
     -0.28526186     -0.28524618     -0.28522081     -0.28513805     -0.28504501
     -0.28501602     -0.28492428     -0.28490942     -0.28489396     -0.28488663
     -0.28482308     -0.28479844     -0.28478362     -0.28471716     -0.28467041
     -0.28464120     -0.28386230     -0.28018789     -0.28004525     -0.27999996
     -0.22547822     -0.20873125     -0.20868690     -0.20851106     -0.20841834
     -0.20680707     -0.20660999     -0.20651072     -0.16162744     -0.15773987
     -0.15761815     -0.15744088     -0.15736189     -0.15734510     -0.15733480
     -0.15728564     -0.15723829     -0.15722583     -0.15718907     -0.15714384
     -0.15710184     -0.15701563     -0.15697326     -0.15693445     -0.15688195
     -0.15684658     -0.15668570     -0.15663791     -0.15660774     -0.14759648
     -0.14753562     -0.14734977     -0.12428411     -0.12402307     -0.12396668
     -0.12393823     -0.12383499     -0.12381842     -0.12378816     -0.12373681
     -0.12372850     -0.12366993     -0.12366933     -0.12362114     -0.12360686
     -0.12359728     -0.12346336     -0.12340220     -0.12331397     -0.12329897
     -0.12327755     -0.12320649     -0.12303835     -0.10609368     -0.10595492
     -0.10580205     -0.10393546     -0.08343850     -0.08291970     -0.08291093
     -0.08287448     -0.08265238     -0.08260710     -0.08248234     -0.08246099
     -0.08244940     -0.08242263     -0.08238580     -0.08236547     -0.08202445
     -0.06258285     -0.06257565     -0.06257464     -0.05618737     -0.05607305
     -0.05595887     -0.05574229     -0.04721812     -0.04717331     -0.04709278
     -0.03883259     -0.01643299     -0.01631943     -0.01591320     -0.01586931
     -0.01583313     -0.01581659     -0.01580800     -0.01578422     -0.01566418
     -0.01563474     -0.01562510     -0.01559114     -0.01544782     -0.01541037
     -0.01506510     -0.01493894     -0.01493744     -0.01449284     -0.01252845
     -0.01235933     -0.00272351     -0.00268776     -0.00250480      0.02342793
      0.04742609      0.04751601      0.04773471      0.04799132
 ===== occupations =====
 ik =    1 (  0.500000  0.500000  0.500000 )
      1.00000000      1.00000000      1.00000000      1.00000000      1.00000000
      1.00000000      1.00000000      1.00000000      1.00000000      1.00000000
      1.00000000      1.00000000      1.00000000      1.00000000      1.00000000
      1.00000000      1.00000000      1.00000000      1.00000000      1.00000000
      1.00000000      1.00000000      1.00000000      1.00000000      1.00000000
      1.00000000      1.00000000      1.00000000      1.00000000      1.00000000
      1.00000000      1.00000000      1.00000000      1.00000000      1.00000000
      1.00000000      1.00000000      1.00000000      1.00000000      1.00000000
      1.00000000      1.00000000      1.00000000      1.00000000      1.00000000
      1.00000000      1.00000000      1.00000000      1.00000000      1.00000000
      1.00000000      1.00000000      1.00000000      1.00000000      1.00000000
      1.00000000      1.00000000      1.00000000      1.00000000      1.00000000
      1.00000000      1.00000000      1.00000000      1.00000000      1.00000000
      1.00000000      1.00000000      1.00000000      1.00000000      1.00000000
      1.00000000      1.00000000      1.00000000      1.00000000      1.00000000
      1.00000000      1.00000000      1.00000000      1.00000000      1.00000000
      1.00000000      1.00000000      1.00000000      1.00000000      1.00000000
      1.00000000      1.00000000      1.00000000      1.00000000      1.00000000
      1.00000000      1.00000000      1.00000000      1.00000000      1.00000000
      1.00000000      1.00000000      1.00000000      1.00000000      1.00000000
      1.00000000      1.00000000      1.00000000      1.00000000      1.00000000
      1.00000000      1.00000000      1.00000000      1.00000000      1.00000000
      1.00000000      1.00000000      1.00000000      1.00000000      1.00000000
      1.00000000      1.00000000      1.00000000      1.00000000      1.00000000
      1.00000000      1.00000000      1.00000000      1.00000000      1.00000000
      1.00000000      1.00000000      1.00000000      1.00000000      1.00000000
      1.00000000      1.00000000      1.00000000      1.00000000      1.00000000
      1.00000000      1.00000000      1.00000000      1.00000000      1.00000000
      1.00000000      1.00000000      1.00000000      1.00000000      1.00000000
      1.00000000      1.00000000      1.00000000      1.00000000      1.00000000
      1.00000000      1.00000000      1.00000000      1.00000000      1.00000000
      1.00000000      1.00000000      1.00000000      1.00000000      1.00000000
      1.00000000      1.00000000      1.00000000      1.00000000      1.00000000
      1.00000000      1.00000000      1.00000000      1.00000000      1.00000000
      1.00000000      1.00000000      1.00000000      1.00000000      1.00000000
      1.00000000      1.00000000      1.00000000      1.00000000      1.00000000
      1.00000000      1.00000000      1.00000000      1.00000000      1.00000000
      1.00000000      1.00000000      1.00000000      1.00000000      1.00000000
      1.00000000      1.00000000      1.00000000      1.00000000      1.00000000
      1.00000000      1.00000000      1.00000000      1.00000000      1.00000000
      1.00000000      1.00000000      1.00000000      1.00000000      1.00000000
      1.00000000      1.00000000      1.00000000      1.00000000      1.00000000
      1.00000000      1.00000000      1.00000000      1.00000000      1.00000000
      1.00000000      1.00000000      1.00000000      1.00000000      1.00000000
      1.00000000      1.00000000      1.00000000      1.00000000      1.00000000
      1.00000000      1.00000000      1.00000000      1.00000000      1.00000000
      1.00000000      1.00000000      1.00000000      1.00000000      1.00000000
      1.00000000      1.00000000      1.00000000      1.00000000      1.00000000
      1.00000000      1.00000000      1.00000000      1.00000000      1.00000000
      1.00000000      1.00000000      1.00000000      1.00000000      1.00000000
      1.00000000      1.00000000      1.00000000      1.00000000      1.00000000
      1.00000000      1.00000000      1.00000000      1.00000000      1.00000000
      1.00000000      1.00000000      1.00000000      1.00000000      1.00000000
      1.00000000      1.00000000      1.00000000      1.00000000      1.00000000
      1.00000000      1.00000000      1.00000000      1.00000000      1.00000000
      1.00000000      1.00000000      1.00000000      1.00000000      1.00000000
      1.00000000      1.00000000      1.00000000      1.00000000      1.00000000
      1.00000000      1.00000000      1.00000000      1.00000000      1.00000000
      1.00000000      1.00000000      1.00000000      1.00000000      1.00000000
      1.00000000      1.00000000      1.00000000      1.00000000      1.00000000
      1.00000000      1.00000000      1.00000000      1.00000000      1.00000000
      1.00000000      1.00000000      1.00000000      1.00000000      1.00000000
      1.00000000      1.00000000      1.00000000      1.00000000      1.00000000
      1.00000000      1.00000000      1.00000000      1.00000000      1.00000000
      1.00000000      1.00000000      1.00000000      1.00000000      1.00000000
      1.00000000      1.00000000      1.00000000      1.00000000      1.00000000
      1.00000000      1.00000000      1.00000000      1.00000000      1.00000000
      1.00000000      1.00000000      1.00000000      1.00000000      1.00000000
      1.00000000      1.00000000      1.00000000      1.00000000      1.00000000
      1.00000000      1.00000000      1.00000000      1.00000000      1.00000000
      1.00000000      1.00000000      1.00000000      1.00000000      1.00000000
      1.00000000      1.00000000      1.00000000      1.00000000      1.00000000
      1.00000000      1.00000000      1.00000000      1.00000000      1.00000000
      1.00000000      1.00000000      1.00000000      1.00000000      1.00000000
      1.00000000      1.00000000      1.00000000      1.00000000      1.00000000
      1.00000000      1.00000000      1.00000000      1.00000000      1.00000000
      1.00000000      1.00000000      1.00000000      1.00000000      1.00000000
      1.00000000      1.00000000      1.00000000      1.00000000      1.00000000
      1.00000000      1.00000000      1.00000000      1.00000000      1.00000000
      1.00000000      1.00000000      1.00000000      1.00000000      1.00000000
      1.00000000      1.00000000      1.00000000      1.00000000      1.00000000
      1.00000000      1.00000000      1.00000000      1.00000000      1.00000000
      1.00000000      1.00000000      1.00000000      1.00000000      1.00000000
      1.00000000      1.00000000      1.00000000      1.00000000      1.00000000
      1.00000000      1.00000000      1.00000000      1.00000000      1.00000000
      1.00000000      1.00000000      1.00000000      1.00000000      1.00000000
      1.00000000      1.00000000      1.00000000      1.00000000      1.00000000
      1.00000000      1.00000000      1.00000000      1.00000000      1.00000000
      0.33575546      0.33236142      0.33188312      0.00000000      0.00000000
      0.00000000      0.00000000      0.00000000      0.00000000      0.00000000
      0.00000000      0.00000000      0.00000000      0.00000000      0.00000000
      0.00000000      0.00000000      0.00000000      0.00000000      0.00000000
      0.00000000      0.00000000      0.00000000      0.00000000      0.00000000
      0.00000000      0.00000000      0.00000000      0.00000000      0.00000000
      0.00000000      0.00000000      0.00000000      0.00000000      0.00000000
      0.00000000      0.00000000      0.00000000      0.00000000
