#
#   a_vector =        37.9180098798        0.0000000000        0.0000000000
#   b_vector =         0.0000000000       37.9180098798        0.0000000000
#   c_vector =         0.0000000000        0.0000000000       37.9180098798
#   ntyp =        1 natm =      216
# (natm->type)     1    1    1    1    1    1    1    1    1    1
# (natm->type)     1    1    1    1    1    1    1    1    1    1
# (natm->type)     1    1    1    1    1    1    1    1    1    1
# (natm->type)     1    1    1    1    1    1    1    1    1    1
# (natm->type)     1    1    1    1    1    1    1    1    1    1
# (natm->type)     1    1    1    1    1    1    1    1    1    1
# (natm->type)     1    1    1    1    1    1    1    1    1    1
# (natm->type)     1    1    1    1    1    1    1    1    1    1
# (natm->type)     1    1    1    1    1    1    1    1    1    1
# (natm->type)     1    1    1    1    1    1    1    1    1    1
# (natm->type)     1    1    1    1    1    1    1    1    1    1
# (natm->type)     1    1    1    1    1    1    1    1    1    1
# (natm->type)     1    1    1    1    1    1    1    1    1    1
# (natm->type)     1    1    1    1    1    1    1    1    1    1
# (natm->type)     1    1    1    1    1    1    1    1    1    1
# (natm->type)     1    1    1    1    1    1    1    1    1    1
# (natm->type)     1    1    1    1    1    1    1    1    1    1
# (natm->type)     1    1    1    1    1    1    1    1    1    1
# (natm->type)     1    1    1    1    1    1    1    1    1    1
# (natm->type)     1    1    1    1    1    1    1    1    1    1
# (natm->type)     1    1    1    1    1    1    1    1    1    1
# (natm->type)     1    1    1    1    1    1
# (speciesname)     1 :   Sn  
#
 cps and forc at (iter_ion, iter_total =     1      18 )
    1    1.579917078    1.579917078    1.579917078    0.000000    0.000000    0.000000
    2   11.059419548   11.059419548   11.059419548   -0.000000    0.000000   -0.000000
    3    1.579917078    7.899585392    7.899585392    0.000000    0.000000   -0.000000
    4   11.059419548    4.739751235    4.739751235    0.000000   -0.000000    0.000000
    5    7.899585392    1.579917078    7.899585392    0.000000   -0.000000    0.000000
    6    4.739751235   11.059419548    4.739751235    0.000000    0.000000    0.000000
    7    7.899585392    7.899585392    1.579917078    0.000000   -0.000000    0.000000
    8    4.739751235    4.739751235   11.059419548    0.000000    0.000000    0.000000
    9    1.579917078    1.579917078   14.219253705   -0.000000    0.000000    0.000000
   10   11.059419548   11.059419548   23.698756175   -0.000000   -0.000000   -0.000000
   11    1.579917078    7.899585392   20.538922018   -0.000000   -0.000000   -0.000000
   12   11.059419548    4.739751235   17.379087862    0.000000    0.000000    0.000000
   13    7.899585392    1.579917078   20.538922018   -0.000000   -0.000000   -0.000000
   14    4.739751235   11.059419548   17.379087862    0.000000    0.000000   -0.000000
   15    7.899585392    7.899585392   14.219253705   -0.000000    0.000000   -0.000000
   16    4.739751235    4.739751235   23.698756175   -0.000000   -0.000000   -0.000000
   17    1.579917078    1.579917078   26.858590332    0.000000   -0.000000    0.000000
   18   11.059419548   11.059419548   36.338092801    0.000000   -0.000000   -0.000000
   19    1.579917078    7.899585392   33.178258645    0.000000   -0.000000    0.000000
   20   11.059419548    4.739751235   30.018424488    0.000000   -0.000000   -0.000000
   21    7.899585392    1.579917078   33.178258645   -0.000000   -0.000000   -0.000000
   22    4.739751235   11.059419548   30.018424488    0.000000   -0.000000   -0.000000
   23    7.899585392    7.899585392   26.858590332    0.000000   -0.000000   -0.000000
   24    4.739751235    4.739751235   36.338092801   -0.000000   -0.000000   -0.000000
   25    1.579917078   14.219253705    1.579917078    0.000000    0.000000    0.000000
   26   11.059419548   23.698756175   11.059419548   -0.000000   -0.000000    0.000000
   27    1.579917078   20.538922018    7.899585392    0.000000    0.000000    0.000000
   28   11.059419548   17.379087862    4.739751235    0.000000   -0.000000    0.000000
   29    7.899585392   14.219253705    7.899585392    0.000000   -0.000000    0.000000
   30    4.739751235   23.698756175    4.739751235   -0.000000    0.000000   -0.000000
   31    7.899585392   20.538922018    1.579917078   -0.000000    0.000000    0.000000
   32    4.739751235   17.379087862   11.059419548    0.000000    0.000000    0.000000
   33    1.579917078   14.219253705   14.219253705    0.000000    0.000000   -0.000000
   34   11.059419548   23.698756175   23.698756175   -0.000000   -0.000000    0.000000
   35    1.579917078   20.538922018   20.538922018   -0.000000    0.000000    0.000000
   36   11.059419548   17.379087862   17.379087862    0.000000   -0.000000    0.000000
   37    7.899585392   14.219253705   20.538922018    0.000000    0.000000    0.000000
   38    4.739751235   23.698756175   17.379087862    0.000000   -0.000000   -0.000000
   39    7.899585392   20.538922018   14.219253705   -0.000000    0.000000    0.000000
   40    4.739751235   17.379087862   23.698756175   -0.000000    0.000000   -0.000000
   41    1.579917078   14.219253705   26.858590332   -0.000000    0.000000   -0.000000
   42   11.059419548   23.698756175   36.338092801   -0.000000    0.000000   -0.000000
   43    1.579917078   20.538922018   33.178258645    0.000000    0.000000    0.000000
   44   11.059419548   17.379087862   30.018424488   -0.000000    0.000000    0.000000
   45    7.899585392   14.219253705   33.178258645    0.000000   -0.000000    0.000000
   46    4.739751235   23.698756175   30.018424488    0.000000    0.000000   -0.000000
   47    7.899585392   20.538922018   26.858590332   -0.000000    0.000000   -0.000000
   48    4.739751235   17.379087862   36.338092801    0.000000    0.000000    0.000000
   49    1.579917078   26.858590332    1.579917078   -0.000000   -0.000000   -0.000000
   50   11.059419548   36.338092801   11.059419548    0.000000   -0.000000    0.000000
   51    1.579917078   33.178258645    7.899585392   -0.000000    0.000000   -0.000000
   52   11.059419548   30.018424488    4.739751235    0.000000   -0.000000   -0.000000
   53    7.899585392   26.858590332    7.899585392    0.000000   -0.000000    0.000000
   54    4.739751235   36.338092801    4.739751235    0.000000   -0.000000    0.000000
   55    7.899585392   33.178258645    1.579917078    0.000000    0.000000   -0.000000
   56    4.739751235   30.018424488   11.059419548   -0.000000   -0.000000   -0.000000
   57    1.579917078   26.858590332   14.219253705   -0.000000   -0.000000    0.000000
   58   11.059419548   36.338092801   23.698756175   -0.000000    0.000000    0.000000
   59    1.579917078   33.178258645   20.538922018    0.000000    0.000000    0.000000
   60   11.059419548   30.018424488   17.379087862   -0.000000   -0.000000   -0.000000
   61    7.899585392   26.858590332   20.538922018   -0.000000   -0.000000    0.000000
   62    4.739751235   36.338092801   17.379087862   -0.000000    0.000000    0.000000
   63    7.899585392   33.178258645   14.219253705   -0.000000    0.000000    0.000000
   64    4.739751235   30.018424488   23.698756175    0.000000   -0.000000   -0.000000
   65    1.579917078   26.858590332   26.858590332    0.000000    0.000000   -0.000000
   66   11.059419548   36.338092801   36.338092801    0.000000   -0.000000    0.000000
   67    1.579917078   33.178258645   33.178258645   -0.000000   -0.000000    0.000000
   68   11.059419548   30.018424488   30.018424488   -0.000000   -0.000000    0.000000
   69    7.899585392   26.858590332   33.178258645   -0.000000   -0.000000    0.000000
   70    4.739751235   36.338092801   30.018424488    0.000000    0.000000   -0.000000
   71    7.899585392   33.178258645   26.858590332   -0.000000    0.000000   -0.000000
   72    4.739751235   30.018424488   36.338092801    0.000000    0.000000    0.000000
   73   14.219253705    1.579917078    1.579917078    0.000000    0.000000    0.000000
   74   23.698756175   11.059419548   11.059419548   -0.000000   -0.000000    0.000000
   75   14.219253705    7.899585392    7.899585392    0.000000   -0.000000   -0.000000
   76   23.698756175    4.739751235    4.739751235   -0.000000   -0.000000    0.000000
   77   20.538922018    1.579917078    7.899585392    0.000000    0.000000   -0.000000
   78   17.379087862   11.059419548    4.739751235    0.000000   -0.000000    0.000000
   79   20.538922018    7.899585392    1.579917078   -0.000000    0.000000   -0.000000
   80   17.379087862    4.739751235   11.059419548   -0.000000    0.000000   -0.000000
   81   14.219253705    1.579917078   14.219253705   -0.000000   -0.000000   -0.000000
   82   23.698756175   11.059419548   23.698756175    0.000000    0.000000   -0.000000
   83   14.219253705    7.899585392   20.538922018   -0.000000    0.000000    0.000000
   84   23.698756175    4.739751235   17.379087862    0.000000   -0.000000   -0.000000
   85   20.538922018    1.579917078   20.538922018   -0.000000   -0.000000    0.000000
   86   17.379087862   11.059419548   17.379087862   -0.000000    0.000000    0.000000
   87   20.538922018    7.899585392   14.219253705   -0.000000   -0.000000   -0.000000
   88   17.379087862    4.739751235   23.698756175    0.000000   -0.000000    0.000000
   89   14.219253705    1.579917078   26.858590332    0.000000   -0.000000   -0.000000
   90   23.698756175   11.059419548   36.338092801    0.000000   -0.000000    0.000000
   91   14.219253705    7.899585392   33.178258645    0.000000    0.000000   -0.000000
   92   23.698756175    4.739751235   30.018424488   -0.000000    0.000000    0.000000
   93   20.538922018    1.579917078   33.178258645   -0.000000    0.000000    0.000000
   94   17.379087862   11.059419548   30.018424488    0.000000   -0.000000   -0.000000
   95   20.538922018    7.899585392   26.858590332   -0.000000    0.000000    0.000000
   96   17.379087862    4.739751235   36.338092801    0.000000   -0.000000    0.000000
   97   14.219253705   14.219253705    1.579917078    0.000000    0.000000   -0.000000
   98   23.698756175   23.698756175   11.059419548    0.000000   -0.000000   -0.000000
   99   14.219253705   20.538922018    7.899585392   -0.000000   -0.000000    0.000000
  100   23.698756175   17.379087862    4.739751235    0.000000    0.000000   -0.000000
  101   20.538922018   14.219253705    7.899585392    0.000000    0.000000   -0.000000
  102   17.379087862   23.698756175    4.739751235    0.000000   -0.000000   -0.000000
  103   20.538922018   20.538922018    1.579917078    0.000000    0.000000    0.000000
  104   17.379087862   17.379087862   11.059419548    0.000000    0.000000    0.000000
  105   14.219253705   14.219253705   14.219253705    0.000000    0.000000   -0.000000
  106   23.698756175   23.698756175   23.698756175    0.000000   -0.000000   -0.000000
  107   14.219253705   20.538922018   20.538922018   -0.000000   -0.000000   -0.000000
  108   23.698756175   17.379087862   17.379087862   -0.000000    0.000000   -0.000000
  109   20.538922018   14.219253705   20.538922018   -0.000000   -0.000000   -0.000000
  110   17.379087862   23.698756175   17.379087862   -0.000000   -0.000000    0.000000
  111   20.538922018   20.538922018   14.219253705   -0.000000   -0.000000   -0.000000
  112   17.379087862   17.379087862   23.698756175   -0.000000    0.000000   -0.000000
  113   14.219253705   14.219253705   26.858590332    0.000000   -0.000000   -0.000000
  114   23.698756175   23.698756175   36.338092801    0.000000   -0.000000    0.000000
  115   14.219253705   20.538922018   33.178258645   -0.000000    0.000000   -0.000000
  116   23.698756175   17.379087862   30.018424488   -0.000000   -0.000000    0.000000
  117   20.538922018   14.219253705   33.178258645    0.000000   -0.000000   -0.000000
  118   17.379087862   23.698756175   30.018424488   -0.000000    0.000000    0.000000
  119   20.538922018   20.538922018   26.858590332   -0.000000   -0.000000   -0.000000
  120   17.379087862   17.379087862   36.338092801   -0.000000   -0.000000   -0.000000
  121   14.219253705   26.858590332    1.579917078   -0.000000    0.000000    0.000000
  122   23.698756175   36.338092801   11.059419548    0.000000    0.000000    0.000000
  123   14.219253705   33.178258645    7.899585392   -0.000000    0.000000   -0.000000
  124   23.698756175   30.018424488    4.739751235    0.000000    0.000000    0.000000
  125   20.538922018   26.858590332    7.899585392    0.000000    0.000000    0.000000
  126   17.379087862   36.338092801    4.739751235   -0.000000    0.000000    0.000000
  127   20.538922018   33.178258645    1.579917078   -0.000000    0.000000   -0.000000
  128   17.379087862   30.018424488   11.059419548   -0.000000   -0.000000    0.000000
  129   14.219253705   26.858590332   14.219253705   -0.000000   -0.000000    0.000000
  130   23.698756175   36.338092801   23.698756175    0.000000    0.000000    0.000000
  131   14.219253705   33.178258645   20.538922018   -0.000000    0.000000   -0.000000
  132   23.698756175   30.018424488   17.379087862   -0.000000    0.000000   -0.000000
  133   20.538922018   26.858590332   20.538922018    0.000000   -0.000000    0.000000
  134   17.379087862   36.338092801   17.379087862    0.000000    0.000000    0.000000
  135   20.538922018   33.178258645   14.219253705    0.000000   -0.000000    0.000000
  136   17.379087862   30.018424488   23.698756175   -0.000000   -0.000000   -0.000000
  137   14.219253705   26.858590332   26.858590332   -0.000000   -0.000000    0.000000
  138   23.698756175   36.338092801   36.338092801   -0.000000    0.000000    0.000000
  139   14.219253705   33.178258645   33.178258645    0.000000    0.000000    0.000000
  140   23.698756175   30.018424488   30.018424488   -0.000000    0.000000    0.000000
  141   20.538922018   26.858590332   33.178258645    0.000000   -0.000000    0.000000
  142   17.379087862   36.338092801   30.018424488   -0.000000   -0.000000   -0.000000
  143   20.538922018   33.178258645   26.858590332   -0.000000   -0.000000    0.000000
  144   17.379087862   30.018424488   36.338092801    0.000000    0.000000    0.000000
  145   26.858590332    1.579917078    1.579917078    0.000000    0.000000   -0.000000
  146   36.338092801   11.059419548   11.059419548    0.000000   -0.000000    0.000000
  147   26.858590332    7.899585392    7.899585392    0.000000   -0.000000   -0.000000
  148   36.338092801    4.739751235    4.739751235   -0.000000   -0.000000   -0.000000
  149   33.178258645    1.579917078    7.899585392    0.000000    0.000000   -0.000000
  150   30.018424488   11.059419548    4.739751235    0.000000    0.000000   -0.000000
  151   33.178258645    7.899585392    1.579917078   -0.000000   -0.000000    0.000000
  152   30.018424488    4.739751235   11.059419548   -0.000000   -0.000000    0.000000
  153   26.858590332    1.579917078   14.219253705    0.000000    0.000000   -0.000000
  154   36.338092801   11.059419548   23.698756175    0.000000    0.000000   -0.000000
  155   26.858590332    7.899585392   20.538922018   -0.000000    0.000000    0.000000
  156   36.338092801    4.739751235   17.379087862   -0.000000   -0.000000    0.000000
  157   33.178258645    1.579917078   20.538922018    0.000000    0.000000    0.000000
  158   30.018424488   11.059419548   17.379087862   -0.000000   -0.000000   -0.000000
  159   33.178258645    7.899585392   14.219253705    0.000000    0.000000    0.000000
  160   30.018424488    4.739751235   23.698756175   -0.000000   -0.000000   -0.000000
  161   26.858590332    1.579917078   26.858590332    0.000000    0.000000   -0.000000
  162   36.338092801   11.059419548   36.338092801   -0.000000    0.000000   -0.000000
  163   26.858590332    7.899585392   33.178258645   -0.000000   -0.000000   -0.000000
  164   36.338092801    4.739751235   30.018424488   -0.000000   -0.000000   -0.000000
  165   33.178258645    1.579917078   33.178258645   -0.000000   -0.000000   -0.000000
  166   30.018424488   11.059419548   30.018424488    0.000000   -0.000000    0.000000
  167   33.178258645    7.899585392   26.858590332    0.000000    0.000000   -0.000000
  168   30.018424488    4.739751235   36.338092801   -0.000000    0.000000    0.000000
  169   26.858590332   14.219253705    1.579917078    0.000000    0.000000    0.000000
  170   36.338092801   23.698756175   11.059419548    0.000000    0.000000   -0.000000
  171   26.858590332   20.538922018    7.899585392    0.000000    0.000000   -0.000000
  172   36.338092801   17.379087862    4.739751235   -0.000000   -0.000000   -0.000000
  173   33.178258645   14.219253705    7.899585392    0.000000   -0.000000    0.000000
  174   30.018424488   23.698756175    4.739751235    0.000000   -0.000000   -0.000000
  175   33.178258645   20.538922018    1.579917078   -0.000000    0.000000    0.000000
  176   30.018424488   17.379087862   11.059419548   -0.000000   -0.000000    0.000000
  177   26.858590332   14.219253705   14.219253705    0.000000    0.000000   -0.000000
  178   36.338092801   23.698756175   23.698756175    0.000000    0.000000    0.000000
  179   26.858590332   20.538922018   20.538922018    0.000000    0.000000   -0.000000
  180   36.338092801   17.379087862   17.379087862    0.000000    0.000000   -0.000000
  181   33.178258645   14.219253705   20.538922018    0.000000    0.000000    0.000000
  182   30.018424488   23.698756175   17.379087862    0.000000    0.000000    0.000000
  183   33.178258645   20.538922018   14.219253705    0.000000   -0.000000    0.000000
  184   30.018424488   17.379087862   23.698756175   -0.000000   -0.000000    0.000000
  185   26.858590332   14.219253705   26.858590332   -0.000000    0.000000   -0.000000
  186   36.338092801   23.698756175   36.338092801   -0.000000    0.000000   -0.000000
  187   26.858590332   20.538922018   33.178258645    0.000000   -0.000000    0.000000
  188   36.338092801   17.379087862   30.018424488   -0.000000    0.000000   -0.000000
  189   33.178258645   14.219253705   33.178258645    0.000000    0.000000   -0.000000
  190   30.018424488   23.698756175   30.018424488    0.000000    0.000000    0.000000
  191   33.178258645   20.538922018   26.858590332    0.000000    0.000000   -0.000000
  192   30.018424488   17.379087862   36.338092801   -0.000000    0.000000   -0.000000
  193   26.858590332   26.858590332    1.579917078    0.000000    0.000000    0.000000
  194   36.338092801   36.338092801   11.059419548    0.000000    0.000000    0.000000
  195   26.858590332   33.178258645    7.899585392    0.000000   -0.000000   -0.000000
  196   36.338092801   30.018424488    4.739751235   -0.000000    0.000000   -0.000000
  197   33.178258645   26.858590332    7.899585392   -0.000000    0.000000   -0.000000
  198   30.018424488   36.338092801    4.739751235    0.000000   -0.000000   -0.000000
  199   33.178258645   33.178258645    1.579917078   -0.000000   -0.000000    0.000000
  200   30.018424488   30.018424488   11.059419548    0.000000   -0.000000    0.000000
  201   26.858590332   26.858590332   14.219253705    0.000000   -0.000000   -0.000000
  202   36.338092801   36.338092801   23.698756175    0.000000    0.000000   -0.000000
  203   26.858590332   33.178258645   20.538922018    0.000000    0.000000    0.000000
  204   36.338092801   30.018424488   17.379087862    0.000000    0.000000    0.000000
  205   33.178258645   26.858590332   20.538922018    0.000000    0.000000    0.000000
  206   30.018424488   36.338092801   17.379087862    0.000000   -0.000000   -0.000000
  207   33.178258645   33.178258645   14.219253705    0.000000    0.000000    0.000000
  208   30.018424488   30.018424488   23.698756175    0.000000    0.000000   -0.000000
  209   26.858590332   26.858590332   26.858590332    0.000000   -0.000000    0.000000
  210   36.338092801   36.338092801   36.338092801    0.000000   -0.000000    0.000000
  211   26.858590332   33.178258645   33.178258645    0.000000    0.000000   -0.000000
  212   36.338092801   30.018424488   30.018424488   -0.000000    0.000000   -0.000000
  213   33.178258645   26.858590332   33.178258645   -0.000000   -0.000000    0.000000
  214   30.018424488   36.338092801   30.018424488    0.000000    0.000000   -0.000000
  215   33.178258645   33.178258645   26.858590332   -0.000000   -0.000000   -0.000000
  216   30.018424488   30.018424488   36.338092801   -0.000000   -0.000000    0.000000
