-5.51E-02
-4.61E-02
-1.61E-02
5.29E+01
5.29E+01
5.30E+01
5.30E+01
5.31E+01
5.31E+01
5.31E+01
5.31E+01
5.89E+01
5.89E+01
5.90E+01
5.90E+01
5.90E+01
5.90E+01
5.90E+01
5.90E+01
5.90E+01
5.90E+01
5.90E+01
5.91E+01
7.40E+01
7.41E+01
7.41E+01
7.41E+01
7.42E+01
7.42E+01
7.53E+01
7.53E+01
7.53E+01
7.53E+01
7.53E+01
7.53E+01
7.53E+01
7.53E+01
7.54E+01
7.54E+01
7.54E+01
7.54E+01
1.01E+02
1.01E+02
1.01E+02
1.01E+02
1.01E+02
1.01E+02
1.01E+02
1.01E+02
1.01E+02
1.01E+02
1.01E+02
1.01E+02
1.04E+02
1.04E+02
1.04E+02
1.04E+02
1.04E+02
1.04E+02
1.04E+02
1.04E+02
1.04E+02
1.04E+02
1.04E+02
1.04E+02
1.53E+02
1.53E+02
1.53E+02
1.53E+02
1.53E+02
1.53E+02
1.85E+02
1.85E+02
1.85E+02
1.85E+02
1.85E+02
1.85E+02
1.85E+02
1.85E+02
1.85E+02
1.85E+02
1.85E+02
1.85E+02
2.46E+02
2.46E+02
2.46E+02
2.46E+02
2.46E+02
2.46E+02
2.46E+02
2.46E+02
2.46E+02
2.46E+02
2.46E+02
2.46E+02
2.72E+02
2.72E+02
2.72E+02
2.72E+02
2.84E+02
2.84E+02
2.84E+02
2.84E+02
2.84E+02
2.84E+02
2.91E+02
2.91E+02
2.91E+02
2.91E+02
2.96E+02
2.96E+02
2.96E+02
2.96E+02
2.96E+02
2.96E+02
2.96E+02
2.96E+02
2.96E+02
2.96E+02
2.96E+02
2.96E+02
3.36E+02
3.36E+02
3.37E+02
3.37E+02
3.37E+02
3.37E+02
3.37E+02
3.37E+02
3.37E+02
3.37E+02
3.37E+02
3.37E+02
3.37E+02
3.37E+02
3.37E+02
3.37E+02
3.37E+02
3.37E+02
3.44E+02
3.44E+02
3.44E+02
3.44E+02
3.44E+02
3.44E+02
3.44E+02
3.44E+02
3.44E+02
3.44E+02
3.44E+02
3.44E+02
3.47E+02
3.47E+02
3.47E+02
3.47E+02
3.47E+02
3.47E+02
3.47E+02
3.47E+02
3.47E+02
3.47E+02
3.47E+02
3.47E+02
3.56E+02
3.56E+02
3.56E+02
3.56E+02
3.56E+02
3.56E+02
3.56E+02
3.56E+02
3.56E+02
3.56E+02
3.56E+02
3.56E+02
3.58E+02
3.58E+02
3.58E+02
3.58E+02
3.58E+02
3.58E+02
3.58E+02
3.58E+02
3.63E+02
3.63E+02
3.63E+02
3.63E+02
3.63E+02
3.63E+02
3.74E+02
3.74E+02
3.74E+02

