-1.06E+02
-1.06E+02
-1.06E+02
-1.63E-01
-1.24E-01
-1.11E-01
4.91E+01
4.91E+01
4.92E+01
4.93E+01
4.94E+01
4.99E+01
4.99E+01
4.99E+01
5.12E+01
5.12E+01
5.13E+01
5.32E+01
5.32E+01
5.33E+01
5.71E+01
5.71E+01
5.71E+01
6.25E+01
6.25E+01
6.25E+01
6.37E+01
6.37E+01
6.72E+01
6.72E+01
6.72E+01
6.89E+01
6.89E+01
6.89E+01
7.11E+01
7.11E+01
7.11E+01
7.40E+01
7.56E+01
7.56E+01
7.56E+01
7.79E+01
8.57E+01
8.58E+01
8.58E+01
9.47E+01
9.47E+01
9.68E+01
9.68E+01
9.68E+01
9.91E+01
9.91E+01
9.91E+01
9.96E+01
9.97E+01
9.97E+01
9.98E+01
1.01E+02
1.01E+02
1.02E+02
1.02E+02
1.02E+02
1.04E+02
1.04E+02
1.04E+02
1.05E+02
1.37E+02
1.37E+02
1.50E+02
1.50E+02
1.50E+02
1.62E+02
1.81E+02
1.81E+02
1.81E+02
1.82E+02
1.82E+02
1.83E+02
1.83E+02
1.83E+02
1.87E+02
1.87E+02
1.87E+02
2.14E+02
2.41E+02
2.41E+02
2.41E+02
2.43E+02
2.43E+02
2.44E+02
2.45E+02
2.45E+02
2.47E+02
2.47E+02
2.47E+02
2.47E+02
2.48E+02
2.48E+02
2.48E+02
2.69E+02
2.77E+02
2.77E+02
2.78E+02
2.78E+02
2.78E+02
2.83E+02
2.83E+02
2.83E+02
2.84E+02
2.88E+02
2.88E+02
2.89E+02
2.89E+02
2.89E+02
2.89E+02
2.93E+02
2.93E+02
2.93E+02
2.94E+02
2.94E+02
2.94E+02
3.21E+02
3.21E+02
3.21E+02
3.26E+02
3.26E+02
3.26E+02
3.26E+02
3.26E+02
3.29E+02
3.29E+02
3.29E+02
3.32E+02
3.32E+02
3.32E+02
3.33E+02
3.33E+02
3.33E+02
3.34E+02
3.34E+02
3.36E+02
3.36E+02
3.36E+02
3.36E+02
3.37E+02
3.37E+02
3.37E+02
3.40E+02
3.40E+02
3.40E+02
3.40E+02
3.40E+02
3.40E+02
3.40E+02
3.42E+02
3.42E+02
3.44E+02
3.44E+02
3.44E+02
3.44E+02
3.46E+02
3.46E+02
3.46E+02
3.46E+02
3.46E+02
3.46E+02
3.47E+02
3.47E+02
3.47E+02
3.50E+02
3.50E+02
3.50E+02
3.51E+02
3.51E+02
3.51E+02
3.52E+02
3.52E+02
3.52E+02
3.54E+02
3.54E+02
3.55E+02
3.56E+02
3.56E+02
3.56E+02
3.56E+02
3.56E+02
3.65E+02
3.65E+02
3.65E+02

