  No.   E(hr.)        dos(hr.)         E(eV)          dos(eV)              sum
      6  -0.86560      0.0000000000    -21.524926      0.0000000000        0.0000000000
     16  -0.86460      0.0000000059    -21.497714      0.0000000002        0.0000000000
     26  -0.86360      0.0000048391    -21.470503      0.0000001778        0.0000000010
     36  -0.86260      0.0015150944    -21.443291      0.0000556787        0.0000003609
     46  -0.86160      0.1842608861    -21.416080      0.0067714602        0.0000505318
     56  -0.86060      8.9414459927    -21.388869      0.3285919599        0.0029124023
     66  -0.85960    180.7888655210    -21.361657      6.6438658467        0.0726856564
     76  -0.85860   1635.8550147936    -21.334446     60.1165410909        0.8479933424
     86  -0.85760   7409.1767307713    -21.307234    272.2821236341        5.1601209586
     96  -0.85660  19152.8357626413    -21.280023    703.8534758402       18.6419466037
    106  -0.85560  30667.1400779363    -21.252812   1126.9962007420       44.6205615506
    116  -0.85460  32801.4727968055    -21.225600   1205.4314529101       77.3104867020
    126  -0.85360  29298.1828739383    -21.198389   1076.6879697181      108.2414726760
    136  -0.85260  27362.5565004200    -21.171177   1005.5550383959      136.2487113172
    146  -0.85160  28384.0299880781    -21.143966   1043.0934830251      163.9157348786
    156  -0.85060  31827.0931600508    -21.116755   1169.6236747504      194.0862840693
    166  -0.84960  35140.7795221053    -21.089543   1291.3993581364      227.8453296746
    176  -0.84860  36762.8209995426    -21.062332   1351.0082612774      264.0270332734
    186  -0.84760  37144.8681103311    -21.035120   1365.0482285280      301.0341071166
    196  -0.84660  38117.0371612312    -21.007909   1400.7747691855      338.6043785231
    206  -0.84560  39884.8890579033    -20.980698   1465.7421044493      377.7081864938
    216  -0.84460  39827.4605220040    -20.953486   1463.6316454495      417.8465902788
    226  -0.84360  36296.2483814560    -20.926275   1333.8620400577      455.9262057181
    236  -0.84260  33680.8148542395    -20.899063   1237.7466657197      490.4528770993
    246  -0.84160  35264.0078395195    -20.871852   1295.9279136260      524.7556308671
    256  -0.84060  36035.6788608183    -20.844641   1324.2862902798      560.8605090250
    266  -0.83960  29051.3215201761    -20.817429   1067.6159855979      593.7852903938
    276  -0.83860  16553.0481870902    -20.790218    608.3130794114      616.0780212022
    286  -0.83760   6145.6680673797    -20.763006    225.8490535915      626.5065145296
    296  -0.83660   1246.3278834618    -20.735795     45.8016882556      629.5144634583
    306  -0.83560    116.1862224245    -20.708584      4.2697633662      629.9676891952
    316  -0.83460      4.5137372158    -20.681372      0.1658767228      629.9990630786
    326  -0.83360      0.0696577858    -20.654161      0.0025598755      629.9999887992
    336  -0.83260      0.0004165193    -20.626949      0.0000153068      629.9999999465
    346  -0.83160      0.0000009511    -20.599738      0.0000000350      629.9999999998
    356  -0.83060      0.0000000008    -20.572527      0.0000000000      629.9999999999
    366  -0.82960      0.0000000000    -20.545315      0.0000000000      629.9999999999
    376  -0.82860      0.0000000000    -20.518104      0.0000000000      629.9999999999
    386  -0.82760      0.0000000000    -20.490893      0.0000000000      629.9999999999
    396  -0.82660      0.0000000000    -20.463681      0.0000000000      629.9999999999
    406  -0.82560      0.0000000000    -20.436470      0.0000000000      629.9999999999
    416  -0.82460      0.0000000000    -20.409258      0.0000000000      629.9999999999
    426  -0.82360      0.0000000000    -20.382047      0.0000000000      629.9999999999
    436  -0.82260      0.0000000000    -20.354836      0.0000000000      629.9999999999
    446  -0.82160      0.0000000000    -20.327624      0.0000000000      629.9999999999
    456  -0.82060      0.0000000000    -20.300413      0.0000000000      629.9999999999
    466  -0.81960      0.0000000000    -20.273201      0.0000000000      629.9999999999
    476  -0.81860      0.0000000000    -20.245990      0.0000000000      629.9999999999
    486  -0.81760      0.0000000000    -20.218779      0.0000000000      629.9999999999
    496  -0.81660      0.0000000000    -20.191567      0.0000000000      629.9999999999
    506  -0.81560      0.0000000000    -20.164356      0.0000000000      629.9999999999
    516  -0.81460      0.0000000000    -20.137144      0.0000000000      629.9999999999
    526  -0.81360      0.0000000000    -20.109933      0.0000000000      629.9999999999
    536  -0.81260      0.0000000000    -20.082722      0.0000000000      629.9999999999
    546  -0.81160      0.0000000000    -20.055510      0.0000000000      629.9999999999
    556  -0.81060      0.0000000000    -20.028299      0.0000000000      629.9999999999
    566  -0.80960      0.0000000000    -20.001087      0.0000000000      629.9999999999
    576  -0.80860      0.0000000000    -19.973876      0.0000000000      629.9999999999
    586  -0.80760      0.0000000000    -19.946665      0.0000000000      629.9999999999
    596  -0.80660      0.0000000000    -19.919453      0.0000000000      629.9999999999
    606  -0.80560      0.0000000000    -19.892242      0.0000000000      629.9999999999
    616  -0.80460      0.0000000000    -19.865030      0.0000000000      629.9999999999
    626  -0.80360      0.0000000000    -19.837819      0.0000000000      629.9999999999
    636  -0.80260      0.0000000000    -19.810608      0.0000000000      629.9999999999
    646  -0.80160      0.0000000000    -19.783396      0.0000000000      629.9999999999
    656  -0.80060      0.0000000000    -19.756185      0.0000000000      629.9999999999
    666  -0.79960      0.0000000000    -19.728973      0.0000000000      629.9999999999
    676  -0.79860      0.0000000000    -19.701762      0.0000000000      629.9999999999
    686  -0.79760      0.0000000000    -19.674551      0.0000000000      629.9999999999
    696  -0.79660      0.0000000000    -19.647339      0.0000000000      629.9999999999
    706  -0.79560      0.0000000000    -19.620128      0.0000000000      629.9999999999
    716  -0.79460      0.0000000000    -19.592916      0.0000000000      629.9999999999
    726  -0.79360      0.0000000000    -19.565705      0.0000000000      629.9999999999
    736  -0.79260      0.0000000000    -19.538494      0.0000000000      629.9999999999
    746  -0.79160      0.0000000000    -19.511282      0.0000000000      629.9999999999
    756  -0.79060      0.0000000000    -19.484071      0.0000000000      629.9999999999
    766  -0.78960      0.0000000000    -19.456859      0.0000000000      629.9999999999
    776  -0.78860      0.0000000000    -19.429648      0.0000000000      629.9999999999
    786  -0.78760      0.0000000000    -19.402437      0.0000000000      629.9999999999
    796  -0.78660      0.0000000000    -19.375225      0.0000000000      629.9999999999
    806  -0.78560      0.0000000000    -19.348014      0.0000000000      629.9999999999
    816  -0.78460      0.0000000000    -19.320802      0.0000000000      629.9999999999
    826  -0.78360      0.0000000000    -19.293591      0.0000000000      629.9999999999
    836  -0.78260      0.0000000000    -19.266380      0.0000000000      629.9999999999
    846  -0.78160      0.0000000000    -19.239168      0.0000000000      629.9999999999
    856  -0.78060      0.0000000000    -19.211957      0.0000000000      629.9999999999
    866  -0.77960      0.0000000000    -19.184745      0.0000000000      629.9999999999
    876  -0.77860      0.0000000000    -19.157534      0.0000000000      629.9999999999
    886  -0.77760      0.0000000000    -19.130323      0.0000000000      629.9999999999
    896  -0.77660      0.0000000000    -19.103111      0.0000000000      629.9999999999
    906  -0.77560      0.0000000000    -19.075900      0.0000000000      629.9999999999
    916  -0.77460      0.0000000000    -19.048689      0.0000000000      629.9999999999
    926  -0.77360      0.0000000000    -19.021477      0.0000000000      629.9999999999
    936  -0.77260      0.0000000000    -18.994266      0.0000000000      629.9999999999
    946  -0.77160      0.0000000000    -18.967054      0.0000000000      629.9999999999
    956  -0.77060      0.0000000000    -18.939843      0.0000000000      629.9999999999
    966  -0.76960      0.0000000000    -18.912632      0.0000000000      629.9999999999
    976  -0.76860      0.0000000000    -18.885420      0.0000000000      629.9999999999
    986  -0.76760      0.0000000000    -18.858209      0.0000000000      629.9999999999
    996  -0.76660      0.0000000000    -18.830997      0.0000000000      629.9999999999
   1006  -0.76560      0.0000000000    -18.803786      0.0000000000      629.9999999999
   1016  -0.76460      0.0000000000    -18.776575      0.0000000000      629.9999999999
   1026  -0.76360      0.0000000000    -18.749363      0.0000000000      629.9999999999
   1036  -0.76260      0.0000000000    -18.722152      0.0000000000      629.9999999999
   1046  -0.76160      0.0000000000    -18.694940      0.0000000000      629.9999999999
   1056  -0.76060      0.0000000000    -18.667729      0.0000000000      629.9999999999
   1066  -0.75960      0.0000000000    -18.640518      0.0000000000      629.9999999999
   1076  -0.75860      0.0000000000    -18.613306      0.0000000000      629.9999999999
   1086  -0.75760      0.0000000000    -18.586095      0.0000000000      629.9999999999
   1096  -0.75660      0.0000000000    -18.558883      0.0000000000      629.9999999999
   1106  -0.75560      0.0000000000    -18.531672      0.0000000000      629.9999999999
   1116  -0.75460      0.0000000000    -18.504461      0.0000000000      629.9999999999
   1126  -0.75360      0.0000000000    -18.477249      0.0000000000      629.9999999999
   1136  -0.75260      0.0000000000    -18.450038      0.0000000000      629.9999999999
   1146  -0.75160      0.0000000000    -18.422826      0.0000000000      629.9999999999
   1156  -0.75060      0.0000000000    -18.395615      0.0000000000      629.9999999999
   1166  -0.74960      0.0000000000    -18.368404      0.0000000000      629.9999999999
   1176  -0.74860      0.0000000000    -18.341192      0.0000000000      629.9999999999
   1186  -0.74760      0.0000000000    -18.313981      0.0000000000      629.9999999999
   1196  -0.74660      0.0000000000    -18.286769      0.0000000000      629.9999999999
   1206  -0.74560      0.0000000000    -18.259558      0.0000000000      629.9999999999
   1216  -0.74460      0.0000000000    -18.232347      0.0000000000      629.9999999999
   1226  -0.74360      0.0000000000    -18.205135      0.0000000000      629.9999999999
   1236  -0.74260      0.0000000000    -18.177924      0.0000000000      629.9999999999
   1246  -0.74160      0.0000000000    -18.150712      0.0000000000      629.9999999999
   1256  -0.74060      0.0000000000    -18.123501      0.0000000000      629.9999999999
   1266  -0.73960      0.0000000000    -18.096290      0.0000000000      629.9999999999
   1276  -0.73860      0.0000000000    -18.069078      0.0000000000      629.9999999999
   1286  -0.73760      0.0000000000    -18.041867      0.0000000000      629.9999999999
   1296  -0.73660      0.0000000000    -18.014655      0.0000000000      629.9999999999
   1306  -0.73560      0.0000000000    -17.987444      0.0000000000      629.9999999999
   1316  -0.73460      0.0000000000    -17.960233      0.0000000000      629.9999999999
   1326  -0.73360      0.0000000000    -17.933021      0.0000000000      629.9999999999
   1336  -0.73260      0.0000000000    -17.905810      0.0000000000      629.9999999999
   1346  -0.73160      0.0000000000    -17.878598      0.0000000000      629.9999999999
   1356  -0.73060      0.0000000000    -17.851387      0.0000000000      629.9999999999
   1366  -0.72960      0.0000000000    -17.824176      0.0000000000      629.9999999999
   1376  -0.72860      0.0000000000    -17.796964      0.0000000000      629.9999999999
   1386  -0.72760      0.0000000000    -17.769753      0.0000000000      629.9999999999
   1396  -0.72660      0.0000000000    -17.742541      0.0000000000      629.9999999999
   1406  -0.72560      0.0000000000    -17.715330      0.0000000000      629.9999999999
   1416  -0.72460      0.0000000000    -17.688119      0.0000000000      629.9999999999
   1426  -0.72360      0.0000000000    -17.660907      0.0000000000      629.9999999999
   1436  -0.72260      0.0000000000    -17.633696      0.0000000000      629.9999999999
   1446  -0.72160      0.0000000000    -17.606485      0.0000000000      629.9999999999
   1456  -0.72060      0.0000000000    -17.579273      0.0000000000      629.9999999999
   1466  -0.71960      0.0000000000    -17.552062      0.0000000000      629.9999999999
   1476  -0.71860      0.0000000000    -17.524850      0.0000000000      629.9999999999
   1486  -0.71760      0.0000000000    -17.497639      0.0000000000      629.9999999999
   1496  -0.71660      0.0000000000    -17.470428      0.0000000000      629.9999999999
   1506  -0.71560      0.0000000000    -17.443216      0.0000000000      629.9999999999
   1516  -0.71460      0.0000000000    -17.416005      0.0000000000      629.9999999999
   1526  -0.71360      0.0000000000    -17.388793      0.0000000000      629.9999999999
   1536  -0.71260      0.0000000000    -17.361582      0.0000000000      629.9999999999
   1546  -0.71160      0.0000000000    -17.334371      0.0000000000      629.9999999999
   1556  -0.71060      0.0000000000    -17.307159      0.0000000000      629.9999999999
   1566  -0.70960      0.0000000000    -17.279948      0.0000000000      629.9999999999
   1576  -0.70860      0.0000000000    -17.252736      0.0000000000      629.9999999999
   1586  -0.70760      0.0000000000    -17.225525      0.0000000000      629.9999999999
   1596  -0.70660      0.0000000000    -17.198314      0.0000000000      629.9999999999
   1606  -0.70560      0.0000000000    -17.171102      0.0000000000      629.9999999999
   1616  -0.70460      0.0000000000    -17.143891      0.0000000000      629.9999999999
   1626  -0.70360      0.0000000000    -17.116679      0.0000000000      629.9999999999
   1636  -0.70260      0.0000000000    -17.089468      0.0000000000      629.9999999999
   1646  -0.70160      0.0000000000    -17.062257      0.0000000000      629.9999999999
   1656  -0.70060      0.0000000000    -17.035045      0.0000000000      629.9999999999
   1666  -0.69960      0.0000000000    -17.007834      0.0000000000      629.9999999999
   1676  -0.69860      0.0000000000    -16.980622      0.0000000000      629.9999999999
   1686  -0.69760      0.0000000000    -16.953411      0.0000000000      629.9999999999
   1696  -0.69660      0.0000000000    -16.926200      0.0000000000      629.9999999999
   1706  -0.69560      0.0000000000    -16.898988      0.0000000000      629.9999999999
   1716  -0.69460      0.0000000000    -16.871777      0.0000000000      629.9999999999
   1726  -0.69360      0.0000000000    -16.844565      0.0000000000      629.9999999999
   1736  -0.69260      0.0000000000    -16.817354      0.0000000000      629.9999999999
   1746  -0.69160      0.0000000000    -16.790143      0.0000000000      629.9999999999
   1756  -0.69060      0.0000000000    -16.762931      0.0000000000      629.9999999999
   1766  -0.68960      0.0000000000    -16.735720      0.0000000000      629.9999999999
   1776  -0.68860      0.0000000000    -16.708508      0.0000000000      629.9999999999
   1786  -0.68760      0.0000000000    -16.681297      0.0000000000      629.9999999999
   1796  -0.68660      0.0000000000    -16.654086      0.0000000000      629.9999999999
   1806  -0.68560      0.0000000000    -16.626874      0.0000000000      629.9999999999
   1816  -0.68460      0.0000000000    -16.599663      0.0000000000      629.9999999999
   1826  -0.68360      0.0000000000    -16.572451      0.0000000000      629.9999999999
   1836  -0.68260      0.0000000000    -16.545240      0.0000000000      629.9999999999
   1846  -0.68160      0.0000000000    -16.518029      0.0000000000      629.9999999999
   1856  -0.68060      0.0000000000    -16.490817      0.0000000000      629.9999999999
   1866  -0.67960      0.0000000000    -16.463606      0.0000000000      629.9999999999
   1876  -0.67860      0.0000000000    -16.436394      0.0000000000      629.9999999999
   1886  -0.67760      0.0000000000    -16.409183      0.0000000000      629.9999999999
   1896  -0.67660      0.0000000000    -16.381972      0.0000000000      629.9999999999
   1906  -0.67560      0.0000000000    -16.354760      0.0000000000      629.9999999999
   1916  -0.67460      0.0000000000    -16.327549      0.0000000000      629.9999999999
   1926  -0.67360      0.0000000000    -16.300337      0.0000000000      629.9999999999
   1936  -0.67260      0.0000000000    -16.273126      0.0000000000      629.9999999999
   1946  -0.67160      0.0000000000    -16.245915      0.0000000000      629.9999999999
   1956  -0.67060      0.0000000000    -16.218703      0.0000000000      629.9999999999
   1966  -0.66960      0.0000000000    -16.191492      0.0000000000      629.9999999999
   1976  -0.66860      0.0000000000    -16.164281      0.0000000000      629.9999999999
   1986  -0.66760      0.0000000000    -16.137069      0.0000000000      629.9999999999
   1996  -0.66660      0.0000000000    -16.109858      0.0000000000      629.9999999999
   2006  -0.66560      0.0000000000    -16.082646      0.0000000000      629.9999999999
   2016  -0.66460      0.0000000000    -16.055435      0.0000000000      629.9999999999
   2026  -0.66360      0.0000000000    -16.028224      0.0000000000      629.9999999999
   2036  -0.66260      0.0000000000    -16.001012      0.0000000000      629.9999999999
   2046  -0.66160      0.0000000000    -15.973801      0.0000000000      629.9999999999
   2056  -0.66060      0.0000000000    -15.946589      0.0000000000      629.9999999999
   2066  -0.65960      0.0000000000    -15.919378      0.0000000000      629.9999999999
   2076  -0.65860      0.0000000000    -15.892167      0.0000000000      629.9999999999
   2086  -0.65760      0.0000000000    -15.864955      0.0000000000      629.9999999999
   2096  -0.65660      0.0000000000    -15.837744      0.0000000000      629.9999999999
   2106  -0.65560      0.0000000000    -15.810532      0.0000000000      629.9999999999
   2116  -0.65460      0.0000000000    -15.783321      0.0000000000      629.9999999999
   2126  -0.65360      0.0000000000    -15.756110      0.0000000000      629.9999999999
   2136  -0.65260      0.0000000000    -15.728898      0.0000000000      629.9999999999
   2146  -0.65160      0.0000000000    -15.701687      0.0000000000      629.9999999999
   2156  -0.65060      0.0000000000    -15.674475      0.0000000000      629.9999999999
   2166  -0.64960      0.0000000000    -15.647264      0.0000000000      629.9999999999
   2176  -0.64860      0.0000000000    -15.620053      0.0000000000      629.9999999999
   2186  -0.64760      0.0000000000    -15.592841      0.0000000000      629.9999999999
   2196  -0.64660      0.0000000000    -15.565630      0.0000000000      629.9999999999
   2206  -0.64560      0.0000000000    -15.538418      0.0000000000      629.9999999999
   2216  -0.64460      0.0000000000    -15.511207      0.0000000000      629.9999999999
   2226  -0.64360      0.0000000000    -15.483996      0.0000000000      629.9999999999
   2236  -0.64260      0.0000000000    -15.456784      0.0000000000      629.9999999999
   2246  -0.64160      0.0000000000    -15.429573      0.0000000000      629.9999999999
   2256  -0.64060      0.0000000000    -15.402361      0.0000000000      629.9999999999
   2266  -0.63960      0.0000000000    -15.375150      0.0000000000      629.9999999999
   2276  -0.63860      0.0000000000    -15.347939      0.0000000000      629.9999999999
   2286  -0.63760      0.0000000000    -15.320727      0.0000000000      629.9999999999
   2296  -0.63660      0.0000000000    -15.293516      0.0000000000      629.9999999999
   2306  -0.63560      0.0000000000    -15.266304      0.0000000000      629.9999999999
   2316  -0.63460      0.0000000000    -15.239093      0.0000000000      629.9999999999
   2326  -0.63360      0.0000000000    -15.211882      0.0000000000      629.9999999999
   2336  -0.63260      0.0000000000    -15.184670      0.0000000000      629.9999999999
   2346  -0.63160      0.0000000000    -15.157459      0.0000000000      629.9999999999
   2356  -0.63060      0.0000000000    -15.130247      0.0000000000      629.9999999999
   2366  -0.62960      0.0000000000    -15.103036      0.0000000000      629.9999999999
   2376  -0.62860      0.0000000000    -15.075825      0.0000000000      629.9999999999
   2386  -0.62760      0.0000000000    -15.048613      0.0000000000      629.9999999999
   2396  -0.62660      0.0000000000    -15.021402      0.0000000000      629.9999999999
   2406  -0.62560      0.0000000000    -14.994190      0.0000000000      629.9999999999
   2416  -0.62460      0.0000000000    -14.966979      0.0000000000      629.9999999999
   2426  -0.62360      0.0000000000    -14.939768      0.0000000000      629.9999999999
   2436  -0.62260      0.0000000000    -14.912556      0.0000000000      629.9999999999
   2446  -0.62160      0.0000000000    -14.885345      0.0000000000      629.9999999999
   2456  -0.62060      0.0000000000    -14.858134      0.0000000000      629.9999999999
   2466  -0.61960      0.0000000000    -14.830922      0.0000000000      629.9999999999
   2476  -0.61860      0.0000000000    -14.803711      0.0000000000      629.9999999999
   2486  -0.61760      0.0000000000    -14.776499      0.0000000000      629.9999999999
   2496  -0.61660      0.0000000000    -14.749288      0.0000000000      629.9999999999
   2506  -0.61560      0.0000000000    -14.722077      0.0000000000      629.9999999999
   2516  -0.61460      0.0000000000    -14.694865      0.0000000000      629.9999999999
   2526  -0.61360      0.0000000000    -14.667654      0.0000000000      629.9999999999
   2536  -0.61260      0.0000000000    -14.640442      0.0000000000      629.9999999999
   2546  -0.61160      0.0000000000    -14.613231      0.0000000000      629.9999999999
   2556  -0.61060      0.0000000000    -14.586020      0.0000000000      629.9999999999
   2566  -0.60960      0.0000000000    -14.558808      0.0000000000      629.9999999999
   2576  -0.60860      0.0000000000    -14.531597      0.0000000000      629.9999999999
   2586  -0.60760      0.0000000000    -14.504385      0.0000000000      629.9999999999
   2596  -0.60660      0.0000000000    -14.477174      0.0000000000      629.9999999999
   2606  -0.60560      0.0000000000    -14.449963      0.0000000000      629.9999999999
   2616  -0.60460      0.0000000000    -14.422751      0.0000000000      629.9999999999
   2626  -0.60360      0.0000000000    -14.395540      0.0000000000      629.9999999999
   2636  -0.60260      0.0000000000    -14.368328      0.0000000000      629.9999999999
   2646  -0.60160      0.0000000000    -14.341117      0.0000000000      629.9999999999
   2656  -0.60060      0.0000000000    -14.313906      0.0000000000      629.9999999999
   2666  -0.59960      0.0000000000    -14.286694      0.0000000000      629.9999999999
   2676  -0.59860      0.0000000000    -14.259483      0.0000000000      629.9999999999
   2686  -0.59760      0.0000000000    -14.232271      0.0000000000      629.9999999999
   2696  -0.59660      0.0000000000    -14.205060      0.0000000000      629.9999999999
   2706  -0.59560      0.0000000000    -14.177849      0.0000000000      629.9999999999
   2716  -0.59460      0.0000000000    -14.150637      0.0000000000      629.9999999999
   2726  -0.59360      0.0000000000    -14.123426      0.0000000000      629.9999999999
   2736  -0.59260      0.0000000000    -14.096214      0.0000000000      629.9999999999
   2746  -0.59160      0.0000000000    -14.069003      0.0000000000      629.9999999999
   2756  -0.59060      0.0000000000    -14.041792      0.0000000000      629.9999999999
   2766  -0.58960      0.0000000000    -14.014580      0.0000000000      629.9999999999
   2776  -0.58860      0.0000000000    -13.987369      0.0000000000      629.9999999999
   2786  -0.58760      0.0000000000    -13.960157      0.0000000000      629.9999999999
   2796  -0.58660      0.0000000000    -13.932946      0.0000000000      629.9999999999
   2806  -0.58560      0.0000000000    -13.905735      0.0000000000      629.9999999999
   2816  -0.58460      0.0000000000    -13.878523      0.0000000000      629.9999999999
   2826  -0.58360      0.0000000000    -13.851312      0.0000000000      629.9999999999
   2836  -0.58260      0.0000000000    -13.824100      0.0000000000      629.9999999999
   2846  -0.58160      0.0000000000    -13.796889      0.0000000000      629.9999999999
   2856  -0.58060      0.0000000000    -13.769678      0.0000000000      629.9999999999
   2866  -0.57960      0.0000000000    -13.742466      0.0000000000      629.9999999999
   2876  -0.57860      0.0000000000    -13.715255      0.0000000000      629.9999999999
   2886  -0.57760      0.0000000000    -13.688043      0.0000000000      629.9999999999
   2896  -0.57660      0.0000000000    -13.660832      0.0000000000      629.9999999999
   2906  -0.57560      0.0000000000    -13.633621      0.0000000000      629.9999999999
   2916  -0.57460      0.0000000000    -13.606409      0.0000000000      629.9999999999
   2926  -0.57360      0.0000000000    -13.579198      0.0000000000      629.9999999999
   2936  -0.57260      0.0000000000    -13.551986      0.0000000000      629.9999999999
   2946  -0.57160      0.0000000000    -13.524775      0.0000000000      629.9999999999
   2956  -0.57060      0.0000000000    -13.497564      0.0000000000      629.9999999999
   2966  -0.56960      0.0000000000    -13.470352      0.0000000000      629.9999999999
   2976  -0.56860      0.0000000000    -13.443141      0.0000000000      629.9999999999
   2986  -0.56760      0.0000000000    -13.415930      0.0000000000      629.9999999999
   2996  -0.56660      0.0000000000    -13.388718      0.0000000000      629.9999999999
   3006  -0.56560      0.0000000000    -13.361507      0.0000000000      629.9999999999
   3016  -0.56460      0.0000000000    -13.334295      0.0000000000      629.9999999999
   3026  -0.56360      0.0000000000    -13.307084      0.0000000000      629.9999999999
   3036  -0.56260      0.0000000000    -13.279873      0.0000000000      629.9999999999
   3046  -0.56160      0.0000000000    -13.252661      0.0000000000      629.9999999999
   3056  -0.56060      0.0000000000    -13.225450      0.0000000000      629.9999999999
   3066  -0.55960      0.0000000000    -13.198238      0.0000000000      629.9999999999
   3076  -0.55860      0.0000000000    -13.171027      0.0000000000      629.9999999999
   3086  -0.55760      0.0000000000    -13.143816      0.0000000000      629.9999999999
   3096  -0.55660      0.0000000000    -13.116604      0.0000000000      629.9999999999
   3106  -0.55560      0.0000000000    -13.089393      0.0000000000      629.9999999999
   3116  -0.55460      0.0000000000    -13.062181      0.0000000000      629.9999999999
   3126  -0.55360      0.0000000000    -13.034970      0.0000000000      629.9999999999
   3136  -0.55260      0.0000000000    -13.007759      0.0000000000      629.9999999999
   3146  -0.55160      0.0000000000    -12.980547      0.0000000000      629.9999999999
   3156  -0.55060      0.0000000000    -12.953336      0.0000000000      629.9999999999
   3166  -0.54960      0.0000000000    -12.926124      0.0000000000      629.9999999999
   3176  -0.54860      0.0000000000    -12.898913      0.0000000000      629.9999999999
   3186  -0.54760      0.0000000000    -12.871702      0.0000000000      629.9999999999
   3196  -0.54660      0.0000000000    -12.844490      0.0000000000      629.9999999999
   3206  -0.54560      0.0000000000    -12.817279      0.0000000000      629.9999999999
   3216  -0.54460      0.0000000000    -12.790067      0.0000000000      629.9999999999
   3226  -0.54360      0.0000000000    -12.762856      0.0000000000      629.9999999999
   3236  -0.54260      0.0000000000    -12.735645      0.0000000000      629.9999999999
   3246  -0.54160      0.0000000000    -12.708433      0.0000000000      629.9999999999
   3256  -0.54060      0.0000000000    -12.681222      0.0000000000      629.9999999999
   3266  -0.53960      0.0000000000    -12.654010      0.0000000000      629.9999999999
   3276  -0.53860      0.0000000000    -12.626799      0.0000000000      629.9999999999
   3286  -0.53760      0.0000000000    -12.599588      0.0000000000      629.9999999999
   3296  -0.53660      0.0000000000    -12.572376      0.0000000000      629.9999999999
   3306  -0.53560      0.0000000000    -12.545165      0.0000000000      629.9999999999
   3316  -0.53460      0.0000000000    -12.517953      0.0000000000      629.9999999999
   3326  -0.53360      0.0000000000    -12.490742      0.0000000000      629.9999999999
   3336  -0.53260      0.0000000000    -12.463531      0.0000000000      629.9999999999
   3346  -0.53160      0.0000000000    -12.436319      0.0000000000      629.9999999999
   3356  -0.53060      0.0000000000    -12.409108      0.0000000000      629.9999999999
   3366  -0.52960      0.0000000000    -12.381896      0.0000000000      629.9999999999
   3376  -0.52860      0.0000000000    -12.354685      0.0000000000      629.9999999999
   3386  -0.52760      0.0000000000    -12.327474      0.0000000000      629.9999999999
   3396  -0.52660      0.0000000000    -12.300262      0.0000000000      629.9999999999
   3406  -0.52560      0.0000000000    -12.273051      0.0000000000      629.9999999999
   3416  -0.52460      0.0000000000    -12.245839      0.0000000000      629.9999999999
   3426  -0.52360      0.0000000000    -12.218628      0.0000000000      629.9999999999
   3436  -0.52260      0.0000000000    -12.191417      0.0000000000      629.9999999999
   3446  -0.52160      0.0000000000    -12.164205      0.0000000000      629.9999999999
   3456  -0.52060      0.0000000000    -12.136994      0.0000000000      629.9999999999
   3466  -0.51960      0.0000000000    -12.109782      0.0000000000      629.9999999999
   3476  -0.51860      0.0000000000    -12.082571      0.0000000000      629.9999999999
   3486  -0.51760      0.0000000000    -12.055360      0.0000000000      629.9999999999
   3496  -0.51660      0.0000000000    -12.028148      0.0000000000      629.9999999999
   3506  -0.51560      0.0000000000    -12.000937      0.0000000000      629.9999999999
   3516  -0.51460      0.0000000000    -11.973726      0.0000000000      629.9999999999
   3526  -0.51360      0.0000000000    -11.946514      0.0000000000      629.9999999999
   3536  -0.51260      0.0000000000    -11.919303      0.0000000000      629.9999999999
   3546  -0.51160      0.0000000000    -11.892091      0.0000000000      629.9999999999
   3556  -0.51060      0.0000000000    -11.864880      0.0000000000      629.9999999999
   3566  -0.50960      0.0000000000    -11.837669      0.0000000000      629.9999999999
   3576  -0.50860      0.0000000000    -11.810457      0.0000000000      629.9999999999
   3586  -0.50760      0.0000000000    -11.783246      0.0000000000      629.9999999999
   3596  -0.50660      0.0000000000    -11.756034      0.0000000000      629.9999999999
   3606  -0.50560      0.0000000000    -11.728823      0.0000000000      629.9999999999
   3616  -0.50460      0.0000000000    -11.701612      0.0000000000      629.9999999999
   3626  -0.50360      0.0000000000    -11.674400      0.0000000000      629.9999999999
   3636  -0.50260      0.0000000000    -11.647189      0.0000000000      629.9999999999
   3646  -0.50160      0.0000000000    -11.619977      0.0000000000      629.9999999999
   3656  -0.50060      0.0000000000    -11.592766      0.0000000000      629.9999999999
   3666  -0.49960      0.0000000000    -11.565555      0.0000000000      629.9999999999
   3676  -0.49860      0.0000000000    -11.538343      0.0000000000      629.9999999999
   3686  -0.49760      0.0000000000    -11.511132      0.0000000000      629.9999999999
   3696  -0.49660      0.0000000000    -11.483920      0.0000000000      629.9999999999
   3706  -0.49560      0.0000000000    -11.456709      0.0000000000      629.9999999999
   3716  -0.49460      0.0000000000    -11.429498      0.0000000000      629.9999999999
   3726  -0.49360      0.0000000000    -11.402286      0.0000000000      629.9999999999
   3736  -0.49260      0.0000000000    -11.375075      0.0000000000      629.9999999999
   3746  -0.49160      0.0000000000    -11.347863      0.0000000000      629.9999999999
   3756  -0.49060      0.0000000000    -11.320652      0.0000000000      629.9999999999
   3766  -0.48960      0.0000000000    -11.293441      0.0000000000      629.9999999999
   3776  -0.48860      0.0000000000    -11.266229      0.0000000000      629.9999999999
   3786  -0.48760      0.0000000000    -11.239018      0.0000000000      629.9999999999
   3796  -0.48660      0.0000000000    -11.211806      0.0000000000      629.9999999999
   3806  -0.48560      0.0000000000    -11.184595      0.0000000000      629.9999999999
   3816  -0.48460      0.0000000000    -11.157384      0.0000000000      629.9999999999
   3826  -0.48360      0.0000000000    -11.130172      0.0000000000      629.9999999999
   3836  -0.48260      0.0000000000    -11.102961      0.0000000000      629.9999999999
   3846  -0.48160      0.0000000000    -11.075749      0.0000000000      629.9999999999
   3856  -0.48060      0.0000000000    -11.048538      0.0000000000      629.9999999999
   3866  -0.47960      0.0000000000    -11.021327      0.0000000000      629.9999999999
   3876  -0.47860      0.0000000000    -10.994115      0.0000000000      629.9999999999
   3886  -0.47760      0.0000000000    -10.966904      0.0000000000      629.9999999999
   3896  -0.47660      0.0000000000    -10.939692      0.0000000000      629.9999999999
   3906  -0.47560      0.0000000000    -10.912481      0.0000000000      629.9999999999
   3916  -0.47460      0.0000000000    -10.885270      0.0000000000      629.9999999999
   3926  -0.47360      0.0000000000    -10.858058      0.0000000000      629.9999999999
   3936  -0.47260      0.0000000000    -10.830847      0.0000000000      629.9999999999
   3946  -0.47160      0.0000000000    -10.803635      0.0000000000      629.9999999999
   3956  -0.47060      0.0000000000    -10.776424      0.0000000000      629.9999999999
   3966  -0.46960      0.0000000000    -10.749213      0.0000000000      629.9999999999
   3976  -0.46860      0.0000000000    -10.722001      0.0000000000      629.9999999999
   3986  -0.46760      0.0000000000    -10.694790      0.0000000000      629.9999999999
   3996  -0.46660      0.0000000000    -10.667578      0.0000000000      629.9999999999
   4006  -0.46560      0.0000000000    -10.640367      0.0000000000      629.9999999999
   4016  -0.46460      0.0000000000    -10.613156      0.0000000000      629.9999999999
   4026  -0.46360      0.0000000000    -10.585944      0.0000000000      629.9999999999
   4036  -0.46260      0.0000000000    -10.558733      0.0000000000      629.9999999999
   4046  -0.46160      0.0000000000    -10.531522      0.0000000000      629.9999999999
   4056  -0.46060      0.0000000000    -10.504310      0.0000000000      629.9999999999
   4066  -0.45960      0.0000000000    -10.477099      0.0000000000      629.9999999999
   4076  -0.45860      0.0000000000    -10.449887      0.0000000000      629.9999999999
   4086  -0.45760      0.0000000000    -10.422676      0.0000000000      629.9999999999
   4096  -0.45660      0.0000000000    -10.395465      0.0000000000      629.9999999999
   4106  -0.45560      0.0000000000    -10.368253      0.0000000000      629.9999999999
   4116  -0.45460      0.0000000000    -10.341042      0.0000000000      629.9999999999
   4126  -0.45360      0.0000000000    -10.313830      0.0000000000      629.9999999999
   4136  -0.45260      0.0000000000    -10.286619      0.0000000000      629.9999999999
   4146  -0.45160      0.0000000000    -10.259408      0.0000000000      629.9999999999
   4156  -0.45060      0.0000000000    -10.232196      0.0000000000      629.9999999999
   4166  -0.44960      0.0000000000    -10.204985      0.0000000000      629.9999999999
   4176  -0.44860      0.0000000000    -10.177773      0.0000000000      629.9999999999
   4186  -0.44760      0.0000000000    -10.150562      0.0000000000      629.9999999999
   4196  -0.44660      0.0000000000    -10.123351      0.0000000000      629.9999999999
   4206  -0.44560      0.0000000000    -10.096139      0.0000000000      629.9999999999
   4216  -0.44460      0.0000000000    -10.068928      0.0000000000      629.9999999999
   4226  -0.44360      0.0000000000    -10.041716      0.0000000000      629.9999999999
   4236  -0.44260      0.0000000000    -10.014505      0.0000000000      629.9999999999
   4246  -0.44160      0.0000000000     -9.987294      0.0000000000      629.9999999999
   4256  -0.44060      0.0000000000     -9.960082      0.0000000000      629.9999999999
   4266  -0.43960      0.0000000000     -9.932871      0.0000000000      629.9999999999
   4276  -0.43860      0.0000000000     -9.905659      0.0000000000      629.9999999999
   4286  -0.43760      0.0000000000     -9.878448      0.0000000000      629.9999999999
   4296  -0.43660      0.0000000000     -9.851237      0.0000000000      629.9999999999
   4306  -0.43560      0.0000000000     -9.824025      0.0000000000      629.9999999999
   4316  -0.43460      0.0000000000     -9.796814      0.0000000000      629.9999999999
   4326  -0.43360      0.0000000081     -9.769602      0.0000000003      629.9999999999
   4336  -0.43260      0.0000053207     -9.742391      0.0000001955      630.0000000011
   4346  -0.43160      0.0013156983     -9.715180      0.0000483510      630.0000003240
   4356  -0.43060      0.1234466343     -9.687968      0.0045365785      630.0000354662
   4366  -0.42960      4.4354152544     -9.660757      0.1629984448      630.0015496550
   4376  -0.42860     61.7140940588     -9.633545      2.2679502999      630.0278782511
   4386  -0.42760    336.5633771925     -9.606334     12.3684714793      630.2164521826
   4396  -0.42660    726.9871380527     -9.579123     26.7162748300      630.7831846609
   4406  -0.42560    625.5225326944     -9.551911     22.9875207154      631.5067597705
   4416  -0.42460    214.1450092197     -9.524700      7.8696810718      631.9003896470
   4426  -0.42360     28.9484792454     -9.497488      1.0638366031      631.9909724750
   4436  -0.42260      1.5278372196     -9.470277      0.0561469618      631.9996548320
   4446  -0.42160      0.0311069435     -9.443066      0.0011431587      631.9999946454
   4456  -0.42060      0.0002419301     -9.415854      0.0000088908      631.9999999671
   4466  -0.41960      0.0000860038     -9.388643      0.0000031606      632.0000000192
   4476  -0.41860      0.0149030947     -9.361431      0.0005476784      632.0000038629
   4486  -0.41760      0.9910694213     -9.334220      0.0364211162      632.0003036551
   4496  -0.41660     25.3383610325     -9.307009      0.9311672541      632.0096222465
   4506  -0.41560    252.2152569641     -9.279797      9.2687363623      632.1274468863
   4516  -0.41460    995.2720317968     -9.252586     36.5755592367      632.7479736234
   4526  -0.41360   1637.5759949982     -9.225375     60.1797859239      634.1605856145
   4536  -0.41260   1400.4681780589     -9.198163     51.4662375403      635.7197536332
   4546  -0.41160    997.2899008378     -9.170952     36.6497145292      636.8914855996
   4556  -0.41060    537.1682694591     -9.143740     19.7405626120      637.6470721918
   4566  -0.40960    138.5419437758     -9.116529      5.0913206736      637.9428096291
   4576  -0.40860     14.5196694206     -9.089318      0.5335878152      637.9958715639
   4586  -0.40760      0.5949370654     -9.062106      0.0218635259      637.9998755176
   4596  -0.40660      0.0170432076     -9.034895      0.0006263261      638.0000004343
   4606  -0.40560      0.5831774259     -9.007683      0.0214313673      638.0001740895
   4616  -0.40460     17.0317696357     -8.980472      0.6259057618      638.0062538833
   4626  -0.40360    193.1558058766     -8.953261      7.0983423567      638.0932902517
   4636  -0.40260    861.2611543412     -8.926049     31.6507521185      638.6089073722
   4646  -0.40160   1535.9752300179     -8.898838     56.4460280373      639.8993788471
   4656  -0.40060   1208.2701314706     -8.871626     44.4030921754      641.3271322067
   4666  -0.39960    812.0431188147     -8.844415     29.8420233324      642.2679156255
   4676  -0.39860    797.5187855472     -8.817204     29.3082641240      643.0776433336
   4686  -0.39760    456.3281493681     -8.789992     16.7697440753      643.7151527170
   4696  -0.39660    107.4795944026     -8.762781      3.9498008044      643.9579110721
   4706  -0.39560      9.9822743148     -8.735569      0.3668416813      643.9972854868
   4716  -0.39460      0.5316070131     -8.708358      0.0195361903      643.9999773708
   4726  -0.39360      5.7041150193     -8.681147      0.2096222843      644.0020272378
   4736  -0.39260     73.4605836312     -8.653935      2.6996256725      644.0340031112
   4746  -0.39160    373.4110037372     -8.626724     13.7225962857      644.2478533924
   4756  -0.39060    791.1692743297     -8.599512     29.0749239755      644.8633815087
   4766  -0.38960    974.1965860861     -8.572301     35.8010511741      645.7640571689
   4776  -0.38860   1400.4025537457     -8.545090     51.4638258921      646.9394509108
   4786  -0.38760   1683.9845071000     -8.517878     61.8852666661      648.5562731778
   4796  -0.38660   1314.2900914622     -8.490667     48.2992524241      650.0621794973
   4806  -0.38560    895.3418152153     -8.463455     32.9031928490      651.1462228062
   4816  -0.38460    400.6780601322     -8.436244     14.7246417612      651.7718610231
   4826  -0.38360     80.5598029919     -8.409033      2.9605170770      651.9703595789
   4836  -0.38260      9.5621045443     -8.381821      0.3514007327      651.9992899319
   4846  -0.38160     70.2480204108     -8.354610      2.5815661947      652.0273409941
   4856  -0.38060    647.5721254432     -8.327398     23.7978280083      652.3351860073
   4866  -0.37960   2520.6468461412     -8.300187     92.6320293250      653.9064448611
   4876  -0.37860   4276.1245113973     -8.272976    157.1446201373      657.5481371938
   4886  -0.37760   3259.6988357275     -8.245764    119.7916791097      661.4923985337
   4896  -0.37660   1372.0313059549     -8.218553     50.4212021460      663.6252772322
   4906  -0.37560   1207.2990591730     -8.191341     44.3674059397      664.7674768179
   4916  -0.37460   1535.5486361903     -8.164130     56.4303510090      666.2146115488
   4926  -0.37360    885.1460480664     -8.136919     32.5285054536      667.4547158215
   4936  -0.37260    203.6801329154     -8.109707      7.4851041010      667.9211347176
   4946  -0.37160     18.8645510163     -8.082496      0.6932592107      667.9951666755
   4956  -0.37060     12.2167584076     -8.055284      0.4489574273      668.0042294154
   4966  -0.36960    118.6001391369     -8.028073      4.3584731369      668.0593125189
   4976  -0.36860    478.2438071206     -8.000862     17.5751293496      668.3556291304
   4986  -0.36760    765.8553244137     -7.973650     28.1446538131      669.0293384920
   4996  -0.36660    491.4010071000     -7.946439     18.0586473546      669.6822715748
   5006  -0.36560    177.1720217049     -7.919227      6.5109493364      669.9717328998
   5016  -0.36460    419.2489599772     -7.892016     15.4071094944      670.2237183974
   5026  -0.36360   1225.9238539617     -7.864805     45.0518542747      671.0692971856
   5036  -0.36260   1468.1925400656     -7.837593     53.9550610330      672.5314772168
   5046  -0.36160    700.7415332241     -7.810382     25.7517669936      673.6130758805
   5056  -0.36060    132.5445741254     -7.783171      4.8709214843      673.9528099341
   5066  -0.35960     11.6487948856     -7.755959      0.4280851604      673.9981255152
   5076  -0.35860     33.1785457161     -7.728748      1.2192886221      674.0136883801
   5086  -0.35760    231.7497713501     -7.701536      8.5166439117      674.1335724434
   5096  -0.35660    644.9991376273     -7.674325     23.7032724845      674.5899746476
   5106  -0.35560    714.7188751302     -7.647114     26.2654246475      675.3266405892
   5116  -0.35460    326.4402577063     -7.619902     11.9964538353      675.8370829055
   5126  -0.35360    218.9402135082     -7.592691      8.0459015150      676.0540178554
   5136  -0.35260    945.2679052337     -7.565479     34.7379421483      676.5903636630
   5146  -0.35160   2215.7476402889     -7.538268     81.4271942562      678.2523851496
   5156  -0.35060   2567.8335185249     -7.511057     94.3661069197      680.7565622206
   5166  -0.34960   2599.4608242344     -7.483845     95.5283885437      683.3089279846
   5176  -0.34860   2618.8705800300     -7.456634     96.2416836532      685.9699513020
   5186  -0.34760   2148.7389228313     -7.429422     78.9646702061      688.3344316666
   5196  -0.34660   1705.2818877731     -7.402211     62.6679306851      690.2582274002
   5206  -0.34560    834.7705470190     -7.375000     30.6772406097      691.5098352173
   5216  -0.34460    176.9986686752     -7.347788      6.5045787324      691.9335011368
   5226  -0.34360     14.9287372067     -7.320577      0.5486207736      691.9960694600
   5236  -0.34260      0.4894527015     -7.293365      0.0179870485      691.9999040042
   5246  -0.34160      0.0061575552     -7.266154      0.0002262859      691.9999990621
   5256  -0.34060      0.0000294357     -7.238943      0.0000010817      691.9999999963
   5266  -0.33960      0.0000000531     -7.211731      0.0000000020      691.9999999999
   5276  -0.33860      0.0000000000     -7.184520      0.0000000000      691.9999999999
   5286  -0.33760      0.0000000000     -7.157308      0.0000000000      691.9999999999
   5296  -0.33660      0.0000000000     -7.130097      0.0000000000      691.9999999999
   5306  -0.33560      0.0000000000     -7.102886      0.0000000000      691.9999999999
   5316  -0.33460      0.0000000000     -7.075674      0.0000000000      691.9999999999
   5326  -0.33360      0.0000000000     -7.048463      0.0000000000      691.9999999999
   5336  -0.33260      0.0000000005     -7.021251      0.0000000000      691.9999999999
   5346  -0.33160      0.0000005182     -6.994040      0.0000000190      692.0000000000
   5356  -0.33060      0.0001849575     -6.966829      0.0000067971      692.0000000433
   5366  -0.32960      0.0249773421     -6.939617      0.0009179001      692.0000067435
   5376  -0.32860      1.2868718862     -6.912406      0.0472916523      692.0004152024
   5386  -0.32760     25.5625704791     -6.885194      0.9394067963      692.0103885902
   5396  -0.32660    198.1274213789     -6.857983      7.2810457900      692.1099284671
   5406  -0.32560    606.0641797834     -6.830772     22.2724396956      692.5241024779
   5416  -0.32460    737.4561940815     -6.803560     27.1010054029      693.2535199948
   5426  -0.32360    357.4860603938     -6.776349     13.1373656252      693.8009285135
   5436  -0.32260     68.6662004017     -6.749137      2.5234354027      693.9753804780
   5446  -0.32160      5.1726564714     -6.721926      0.1900915500      693.9986897565
   5456  -0.32060      0.1509865558     -6.694715      0.0055486516      693.9999713432
   5466  -0.31960      0.0016885699     -6.667503      0.0000620538      693.9999997500
   5476  -0.31860      0.0000071683     -6.640292      0.0000002634      693.9999999991
   5486  -0.31760      0.0000000115     -6.613080      0.0000000004      693.9999999999
   5496  -0.31660      0.0000000000     -6.585869      0.0000000000      693.9999999999
   5506  -0.31560      0.0000000000     -6.558658      0.0000000000      693.9999999999
   5516  -0.31460      0.0000000000     -6.531446      0.0000000000      693.9999999999
   5526  -0.31360      0.0000000057     -6.504235      0.0000000002      693.9999999999
   5536  -0.31260      0.0000046847     -6.477023      0.0000001722      694.0000000009
   5546  -0.31160      0.0014622164     -6.449812      0.0000537354      694.0000003485
   5556  -0.31060      0.1755023098     -6.422601      0.0064495886      694.0000482747
   5566  -0.30960      8.2058251116     -6.395389      0.3015584010      694.0026994612
   5576  -0.30860    151.8503592554     -6.368178      5.5803957437      694.0628630524
   5586  -0.30760   1131.9533850959     -6.340967     41.5985044963      694.6368220819
   5596  -0.30660   3457.3241641073     -6.313755    127.0542733291      696.9934003278
   5606  -0.30560   4391.8314393723     -6.286544    161.3967697638      701.2384960072
   5616  -0.30460   2462.6074177416     -6.259332     90.4991204482      704.6818074853
   5626  -0.30360   1253.3865247977     -6.232121     46.0610884458      706.3008996126
   5636  -0.30260   1533.7078143874     -6.204910     56.3627020802      707.6809004996
   5646  -0.30160   1185.3471749409     -6.177698     43.5606893673      709.1135375728
   5656  -0.30060    374.5395320086     -6.150487     13.7640689197      709.8323048596
   5666  -0.29960     46.7503492338     -6.123275      1.7180430205      709.9858518449
   5676  -0.29860      2.2797202578     -6.096064      0.0837781437      709.9994993528
   5686  -0.29760      0.3243662259     -6.068853      0.0119202346      710.0000767601
   5696  -0.29660      8.2985190117     -6.041641      0.3049648377      710.0030404141
   5706  -0.29560     95.0120963839     -6.014430      3.4916288698      710.0457340986
   5716  -0.29460    431.5736673690     -5.987218     15.8600339722      710.3020798763
   5726  -0.29360    844.9221767939     -5.960007     31.0503059871      710.9766149856
   5736  -0.29260   1080.6736222123     -5.932796     39.7140086549      711.9488890477
   5746  -0.29160   1515.3965842501     -5.905584     55.6897770293      713.2612418470
   5756  -0.29060   1384.7427318280     -5.878373     50.8883382607      714.7951898135
   5766  -0.28960    547.2547692822     -5.851161     20.1112345087      715.7251481646
   5776  -0.28860     86.7606332665     -5.823950      3.1883933036      715.9715009758
   5786  -0.28760     15.7832032139     -5.796739      0.5800218088      716.0026324613
   5796  -0.28660    110.9091912847     -5.769527      4.0758361193      716.0547245678
   5806  -0.28560    462.7805291106     -5.742316     17.0068645710      716.3379479295
   5816  -0.28460    785.5210940458     -5.715104     28.8673572541      717.0091084263
   5826  -0.28360    723.4796528840     -5.687893     26.5873771745      717.7719649296
   5836  -0.28260   1050.2623988824     -5.660682     38.5964172177      718.6145363619
   5846  -0.28160   1543.4971011556     -5.633470     56.7224516025      719.9886453961
   5856  -0.28060   1024.2347244940     -5.606259     37.6399181743      721.3244304646
   5866  -0.27960    360.5793389823     -5.579047     13.2510414752      721.9342224553
   5876  -0.27860    448.8388269197     -5.551836     16.4945166520      722.2870603711
   5886  -0.27760    760.0707609936     -5.524625     27.9320751057      722.9306344061
   5896  -0.27660    545.1839842339     -5.497413     20.0351345895      723.6177121247
   5906  -0.27560    155.6709911316     -5.470202      5.7208013243      723.9336047134
   5916  -0.27460     19.0534767390     -5.442990      0.7002021004      723.9953730340
   5926  -0.27360     39.7438820432     -5.415779      1.4605601941      724.0146800629
   5936  -0.27260    384.0850183356     -5.388568     14.1148589443      724.1947627141
   5946  -0.27160   1502.6130265442     -5.361356     55.2199901196      725.1342470583
   5956  -0.27060   2469.8030081586     -5.334145     90.7635534224      727.2625768086
   5966  -0.26960   2228.3869595031     -5.306933     81.8916805010      729.6619397913
   5976  -0.26860   1857.0811546593     -5.279722     68.2464488195      731.6788556944
   5986  -0.26760   1149.1422276481     -5.252511     42.2301825792      733.1947267358
   5996  -0.26660    328.7202767672     -5.225299     12.0802429598      733.8582390957
   6006  -0.26560     37.9037990816     -5.198088      1.3929384171      733.9888505943
   6016  -0.26460      1.8810799754     -5.170876      0.0691283889      733.9996829223
   6026  -0.26360      5.7762908954     -5.143665      0.2122746978      734.0020413591
   6036  -0.26260     73.8404085646     -5.116454      2.7135839763      734.0342163459
   6046  -0.26160    372.2484141929     -5.089242     13.6798719235      734.2481861596
   6056  -0.26060    743.8092235171     -5.062031     27.3344748434      734.8461530699
   6066  -0.25960    592.5634071883     -5.034819     21.7762956344      735.5566596313
   6076  -0.25860    198.9236638934     -5.007608      7.3103071521      735.9203396825
   6086  -0.25760    141.1912234145     -4.980397      5.1886798691      736.0517411328
   6096  -0.25660    478.2565066297     -4.953185     17.5755960478      736.3536644223
   6106  -0.25560    781.9533180114     -4.925974     28.7362439509      737.0323581006
   6116  -0.25460    676.7907695275     -4.898763     24.8715929825      737.7691761497
   6126  -0.25360    969.4857158268     -4.871551     35.6279299483      738.5421758740
   6136  -0.25260   1530.9767209370     -4.844340     56.2623362836      739.8630170890
   6146  -0.25160   1088.1246778816     -4.817128     39.9878298006      741.2385928216
   6156  -0.25060    309.6367217697     -4.789917     11.3789355042      741.8680833913
   6166  -0.24960     34.7341246841     -4.762706      1.2764550739      741.9898938812
   6176  -0.24860      1.5175795328     -4.735494      0.0557699989      741.9996763436
   6186  -0.24760      0.0255206840     -4.708283      0.0009378675      741.9999958198
   6196  -0.24660      0.0001635098     -4.681071      0.0000060089      741.9999999787
   6206  -0.24560      0.0000003959     -4.653860      0.0000000145      741.9999999999
   6216  -0.24460      0.0000000004     -4.626649      0.0000000000      741.9999999999
   6226  -0.24360      0.0000000378     -4.599437      0.0000000014      741.9999999999
   6236  -0.24260      0.0000199253     -4.572226      0.0000007322      742.0000000044
   6246  -0.24160      0.0039620205     -4.545014      0.0001456015      742.0000010071
   6256  -0.24060      0.2994871738     -4.517803      0.0110059466      742.0000895283
   6266  -0.23960      8.6895210178     -4.490592      0.3193338912      742.0031959554
   6276  -0.23860     97.8992392209     -4.463380      3.5977293734      742.0473896688
   6286  -0.23760    433.4372574949     -4.436169     15.9285196212      742.3075304031
   6296  -0.23660    761.7493330010     -4.408957     27.9937614668      742.9523774587
   6306  -0.23560    544.0437104709     -4.381746     19.9932303169      743.6361261533
   6316  -0.23460    291.7862154452     -4.354535     10.7229417350      744.0037170434
   6326  -0.23360    748.9949219692     -4.327323     27.5250456772      744.4809607505
   6336  -0.23260   1483.4488009348     -4.300112     54.5157180748      745.6715546217
   6346  -0.23160   1195.4018923614     -4.272900     43.9301932827      747.0972949258
   6356  -0.23060    383.3077843039     -4.245689     14.0862961309      747.8272704913
   6366  -0.22960     48.4983031022     -4.218478      1.7822791170      747.9852486036
   6376  -0.22860      2.3936812394     -4.191266      0.0879661310      747.9994702864
   6386  -0.22760      0.0455389055     -4.164055      0.0016735233      747.9999922993
   6396  -0.22660      0.0003304668     -4.136843      0.0000121444      747.9999999557
   6406  -0.22560      0.0000009072     -4.109632      0.0000000333      747.9999999998
   6416  -0.22460      0.0000000009     -4.082421      0.0000000000      747.9999999999
   6426  -0.22360      0.0000000000     -4.055209      0.0000000000      747.9999999999
   6436  -0.22260      0.0000000000     -4.027998      0.0000000000      747.9999999999
   6446  -0.22160      0.0000000000     -4.000786      0.0000000000      747.9999999999
   6456  -0.22060      0.0000000000     -3.973575      0.0000000000      747.9999999999
   6466  -0.21960      0.0000000000     -3.946364      0.0000000000      747.9999999999
   6476  -0.21860      0.0000000000     -3.919152      0.0000000000      747.9999999999
   6486  -0.21760      0.0000000000     -3.891941      0.0000000000      747.9999999999
   6496  -0.21660      0.0000000000     -3.864729      0.0000000000      747.9999999999
   6506  -0.21560      0.0000000000     -3.837518      0.0000000000      747.9999999999
   6516  -0.21460      0.0000000109     -3.810307      0.0000000004      747.9999999999
   6526  -0.21360      0.0000068447     -3.783095      0.0000002515      748.0000000014
   6536  -0.21260      0.0016245587     -3.755884      0.0000597014      748.0000004024
   6546  -0.21160      0.1463541085     -3.728672      0.0053784123      748.0000423555
   6556  -0.21060      5.0512114165     -3.701461      0.1856285282      748.0017814908
   6566  -0.20960     67.5460337690     -3.674250      2.4822700532      748.0309000643
   6576  -0.20860    354.2023538884     -3.647038     13.0166916808      748.2318933913
   6586  -0.20760    735.9288763790     -3.619827     27.0448775330      748.8144364491
   6596  -0.20660    609.1418236337     -3.592615     22.3855409798      749.5319446794
   6606  -0.20560    200.5678885343     -3.565404      7.3707312711      749.9084573357
   6616  -0.20460     26.0662352975     -3.538193      0.9579161302      749.9919916996
   6626  -0.20360      1.3685539933     -3.510981      0.0502934133      749.9997175890
   6636  -0.20260      2.4657358365     -3.483770      0.0906140877      750.0007803872
   6646  -0.20160     49.1780786004     -3.456559      1.8072603967      750.0199046558
   6656  -0.20060    386.6871198977     -3.429347     14.2104843782      750.2133467938
   6666  -0.19960   1199.8176495832     -3.402136     44.0924693084      751.0290392175
   6676  -0.19860   1480.7457758536     -3.374924     54.4163837714      752.4846066819
   6686  -0.19760    728.0556144593     -3.347713     26.7555405995      753.5914043794
   6696  -0.19660    141.8617069368     -3.320502      5.2133196751      753.9488331707
   6706  -0.19560     10.8425287996     -3.293290      0.3984554390      753.9972402475
   6716  -0.19460      0.3211663791     -3.266079      0.0118026424      753.9999387929
   6726  -0.19360      0.0036454842     -3.238867      0.0001339690      753.9999994585
   6736  -0.19260      0.0000157090     -3.211656      0.0000005773      753.9999999980
   6746  -0.19160      0.0000000255     -3.184445      0.0000000009      753.9999999999
   6756  -0.19060      0.0000000000     -3.157233      0.0000000000      753.9999999999
   6766  -0.18960      0.0000000000     -3.130022      0.0000000000      753.9999999999
   6776  -0.18860      0.0000000000     -3.102810      0.0000000000      753.9999999999
   6786  -0.18760      0.0000000000     -3.075599      0.0000000000      753.9999999999
   6796  -0.18660      0.0000000000     -3.048388      0.0000000000      753.9999999999
   6806  -0.18560      0.0000000000     -3.021176      0.0000000000      753.9999999999
   6816  -0.18460      0.0000000000     -2.993965      0.0000000000      753.9999999999
   6826  -0.18360      0.0000000000     -2.966753      0.0000000000      753.9999999999
   6836  -0.18260      0.0000000000     -2.939542      0.0000000000      753.9999999999
   6846  -0.18160      0.0000000000     -2.912331      0.0000000000      753.9999999999
   6856  -0.18060      0.0000000000     -2.885119      0.0000000000      753.9999999999
   6866  -0.17960      0.0000000000     -2.857908      0.0000000000      753.9999999999
   6876  -0.17860      0.0000000000     -2.830696      0.0000000000      753.9999999999
   6886  -0.17760      0.0000000000     -2.803485      0.0000000000      753.9999999999
   6896  -0.17660      0.0000000111     -2.776274      0.0000000004      753.9999999999
   6906  -0.17560      0.0000070479     -2.749062      0.0000002590      754.0000000015
   6916  -0.17460      0.0016985912     -2.721851      0.0000624221      754.0000004195
   6926  -0.17360      0.1582313247     -2.694639      0.0058148918      754.0000454578
   6936  -0.17260      5.8497143135     -2.667428      0.2149729577      754.0020247354
   6946  -0.17160     89.4764802638     -2.640217      3.2881988036      754.0390527099
   6956  -0.17060    603.3827274738     -2.613005     22.1738981766      754.3516746443
   6966  -0.16960   1970.2416166247     -2.585794     72.4050175803      755.6404148684
   6976  -0.16860   3512.9143217597     -2.558582    129.0971731989      758.5083014970
   6986  -0.16760   3831.5177784548     -2.531371    140.8056300138      762.3275453526
   6996  -0.16660   3146.2842106283     -2.504160    115.6237700295      765.7975063624
   7006  -0.16560   2635.0612588103     -2.476948     96.8366799074      768.6562080504
   7016  -0.16460   1641.7482562172     -2.449737     60.3331136399      770.8080924005
   7026  -0.16360    496.7288163311     -2.422525     18.2544406613      771.7759185981
   7036  -0.16260     63.3742535431     -2.395314      2.3289600134      771.9805115544
   7046  -0.16160      5.5114709607     -2.368103      0.2025427483      772.0000262079
   7056  -0.16060     38.4735646436     -2.340891      1.4138769077      772.0163225055
   7066  -0.15960    254.6897636918     -2.313680      9.3596727742      772.1504954032
   7076  -0.15860    667.7415480576     -2.286468     24.5390403483      772.6336651251
   7086  -0.15760    701.6851987045     -2.259257     25.7864460477      773.3730030551
   7096  -0.15660    390.4122924184     -2.232046     14.3473818935      773.8921823134
   7106  -0.15560    889.8162883360     -2.204834     32.7001335555      774.4368506685
   7116  -0.15460   2960.2851918768     -2.177623    108.7884346528      776.3648034275
   7126  -0.15360   4483.9409691302     -2.150412    164.7817313163      780.3669775615
   7136  -0.15260   3284.6197371939     -2.123200    120.7075050133      784.3505406157
   7146  -0.15160   2120.9404043322     -2.095989     77.9430938656      786.8656720545
   7156  -0.15060   2111.6457155307     -2.068777     77.6015204766      788.9616275318
   7166  -0.14960   1511.0966839544     -2.041566     55.5317586655      790.8254405795
   7176  -0.14860    507.0431240846     -2.014355     18.6334843420      791.7601158774
   7186  -0.14760     71.2697128693     -1.987143      2.6191126863      791.9772725179
   7196  -0.14660      4.0038423402     -1.959932      0.1471384385      791.9990773406
   7206  -0.14560      0.3728330661     -1.932720      0.0137013575      792.0000663925
   7216  -0.14460     10.6362583100     -1.905509      0.3908751411      792.0036789328
   7226  -0.14360    158.6998879789     -1.878298      5.8321111899      792.0699759935
   7236  -0.14260    983.5100743608     -1.851086     36.1433154308      792.5959441540
   7246  -0.14160   2709.6849022353     -1.823875     99.5790472234      794.4959328824
   7256  -0.14060   3738.2502667300     -1.796663    137.3781134244      797.9108673513
   7266  -0.13960   3061.4419877889     -1.769452    112.5058769830      801.3851713938
   7276  -0.13860   2012.4464025557     -1.742241     73.9560142913      803.8254771551
   7286  -0.13760   1937.2124317018     -1.715029     71.1912178641      805.6990140862
   7296  -0.13660   2623.5066224222     -1.687818     96.4120550067      808.0029753257
   7306  -0.13560   2768.8028970703     -1.660606    101.7515926712      810.7844872894
   7316  -0.13460   2314.7352274826     -1.633395     85.0649196654      813.3198251892
   7326  -0.13360   1924.2095894657     -1.606184     70.7133723995      815.3889046975
   7336  -0.13260   2229.2195509380     -1.578972     81.9222776608      817.4206512548
   7346  -0.13160   2254.0876834816     -1.551761     82.8361643429      819.7747035049
   7356  -0.13060   1072.1812650111     -1.524549     39.4019203976      821.4205831606
   7366  -0.12960    371.1390302880     -1.497338     13.6391028318      822.0093665996
   7376  -0.12860    821.0676456132     -1.470127     30.1736684545      822.5505955233
   7386  -0.12760   1516.6985841714     -1.442915     55.7376246265      823.8018660648
   7396  -0.12660   1232.7291791537     -1.415704     45.3019452717      825.2399049583
   7406  -0.12560    943.9157721983     -1.388492     34.6882521939      826.2400252406
   7416  -0.12460   1452.3724453628     -1.361281     53.3736834875      827.4419536975
   7426  -0.12360   1482.0903066452     -1.334070     54.4657943486      828.9823941266
   7436  -0.12260   1314.9233699409     -1.306858     48.3225249705      830.3259975633
   7446  -0.12160   1588.2728614299     -1.279647     58.3679298436      831.8014640621
   7456  -0.12060   1115.4720901301     -1.252435     40.9928282982      833.2098846259
   7466  -0.11960    343.0206824271     -1.225224     12.6057729834      833.8671080858
   7476  -0.11860    300.3387404587     -1.198013     11.0372411178      834.1076973373
   7486  -0.11760   1527.8894617201     -1.170801     56.1488816413      834.9520989277
   7496  -0.11660   3792.4914820910     -1.143590    139.3714405974      837.7345025303
   7506  -0.11560   4090.5157182212     -1.116378    150.3236252808      841.9706529697
   7516  -0.11460   1983.6860658655     -1.089167     72.8990917971      844.9582386580
   7526  -0.11360    899.4425550413     -1.061956     33.0538922032      846.1707707660
   7536  -0.11260   1378.1426267724     -1.034744     50.6457889619      847.2830946397
   7546  -0.11160   1392.7488878534     -1.007533     51.1825589608      848.7693339591
   7556  -0.11060    672.4398033888     -0.980321     24.7116979843      849.7622359144
   7566  -0.10960    647.5380183963     -0.953110     23.7965745979      850.3336857098
   7576  -0.10860   1273.8297500698     -0.925899     46.8123628442      851.3216070348
   7586  -0.10760   1311.4263871264     -0.898687     48.1940132692      852.7010302584
   7596  -0.10660    653.8939961432     -0.871476     24.0301523868      853.6624912384
   7606  -0.10560    469.0732931514     -0.844264     17.2381192999      854.1363527204
   7616  -0.10460   1150.6481483471     -0.817053     42.2855241239      854.9368532292
   7626  -0.10360   1526.4842856480     -0.789842     56.0972423919      856.3834734133
   7636  -0.10260   1018.3941042069     -0.762630     37.4252794158      857.6507334098
   7646  -0.10160   1102.0324955806     -0.735419     40.4989324879      858.6261123554
   7656  -0.10060   1584.4363942386     -0.708208     58.2269423261      860.0342047145
   7666  -0.09960   1267.2637881262     -0.680996     46.5710682811      861.4966691614
   7676  -0.09860   1032.3962521981     -0.653785     37.9398486762      862.5833596885
   7686  -0.09760   1314.0769762682     -0.626573     48.2914205881      863.7438863736
   7696  -0.09660   1689.7667606360     -0.599362     62.0977604869      865.2832410326
   7706  -0.09560   1366.9840743548     -0.572151     50.2357198734      866.8790911313
   7716  -0.09460    511.4088924372     -0.544939     18.7939233113      867.7649905280
   7726  -0.09360    213.5714353085     -0.517728      7.8486026270      868.0484331453
   7736  -0.09260    559.4187256178     -0.490516     20.5582514963      868.4148025618
   7746  -0.09160   1095.8173985580     -0.463305     40.2705319682      869.2723279758
   7756  -0.09060   1572.7053983898     -0.436094     57.7958363371      870.6368048731
   7766  -0.08960   1615.2886712422     -0.408882     59.3607421809      872.3055614097
   7776  -0.08860    829.7943593360     -0.381671     30.4943691519      873.5252957391
   7786  -0.08760    288.3374636916     -0.354459     10.5962024919      873.9934590713
   7796  -0.08660    487.4921425788     -0.327248     17.9149992853      874.3461664646
   7806  -0.08560    766.1254370044     -0.300037     28.1545802641      875.0204665652
   7816  -0.08460    493.7654330539     -0.272825     18.1455383741      875.6760188315
   7826  -0.08360    126.4645397914     -0.245614      4.6474844251      875.9486572580
   7836  -0.08260     12.7479881540     -0.218402      0.4684797533      875.9964307261
   7846  -0.08160      0.5080194096     -0.191191      0.0186693622      875.9998989180
   7856  -0.08060      0.5435535904     -0.163980      0.0199752187      876.0001636859
   7866  -0.07960     13.4373943430     -0.136768      0.4938149542      876.0051285999
   7876  -0.07860    131.5625484043     -0.109557      4.8348327178      876.0668477216
   7886  -0.07760    521.4103969295     -0.082345     19.1614716884      876.3903187272
   7896  -0.07660    975.2639369116     -0.055134     35.8402755792      877.1732736930
   7906  -0.07560   1363.8565530844     -0.027923     50.1207856284      878.3544959125
   7916  -0.07460   1639.6780773101     -0.000711     60.2570359959      879.9157857022
   7926  -0.07360   1044.9195557368      0.026500     38.4000714251      881.2979955190
   7936  -0.07260    278.6150606175      0.053712     10.2389108990      881.8844314736
   7946  -0.07160     29.4777704159      0.080923      1.0832876878      881.9915997734
   7956  -0.07060      1.2150708505      0.108134      0.0446530139      881.9997453083
   7966  -0.06960      0.0192672471      0.135346      0.0007080580      881.9999968910
   7976  -0.06860      0.0001204709      0.162557      0.0000044272      881.9999999859
   7986  -0.06760      0.0010652342      0.189769      0.0000391466      882.0000002607
   7996  -0.06660      0.1040456088      0.216980      0.0038236042      882.0000296781
   8006  -0.06560      3.8909556175      0.244191      0.1429899295      882.0013469082
   8016  -0.06460     56.3205839166      0.271403      2.0697425302      882.0251287991
   8026  -0.06360    319.3710921634      0.298614     11.7366668878      882.2018421690
   8036  -0.06260    717.0395908698      0.325826     26.3507093468      882.7524462338
   8046  -0.06160    641.2096862844      0.353037     23.5640127669      883.4810116478
   8056  -0.06060    228.2039775937      0.380248      8.3863384420      883.8918192027
   8066  -0.05960     33.2430284102      0.407460      1.2216583165      883.9902056259
   8076  -0.05860     30.3256159398      0.434671      1.1144454247      884.0105626233
   8086  -0.05760    272.6128662029      0.461883     10.0183344030      884.1398480944
   8096  -0.05660   1024.1618766178      0.489094     37.6372410652      884.7901760619
   8106  -0.05560   1528.7677869119      0.516305     56.1811594850      886.1751842764
   8116  -0.05460    909.3750200367      0.543517     33.4189034265      887.4313327458
   8126  -0.05360    214.7113881026      0.570728      7.8904951043      887.9159252244
   8136  -0.05260     19.9324792845      0.597940      0.7325048364      887.9945784641
   8146  -0.05160      0.7190267093      0.625151      0.0264237346      887.9998551138
   8156  -0.05060      0.0250296730      0.652362      0.0009198232      888.0000024448
   8166  -0.04960      0.8653253580      0.679574      0.0318001088      888.0002729944
   8176  -0.04860     19.1284044941      0.706785      0.7029556436      888.0075484719
   8186  -0.04760    164.7706046422      0.733996      6.0552058312      888.0877926322
   8196  -0.04660    559.5072822586      0.761208     20.5615058917      888.4560023766
   8206  -0.04560    755.2862988870      0.788419     27.7562494303      889.1701685046
   8216  -0.04460    406.2606115473      0.815631     14.9297966671      889.7602772856
   8226  -0.04360     86.6670421834      0.842842      3.1849538960      889.9675226274
   8236  -0.04260      7.2603587081      0.870053      0.2668131642      889.9980938997
   8246  -0.04160      0.2359963575      0.897265      0.0086727030      889.9999538302
   8256  -0.04060      0.0029425471      0.924476      0.0001081366      889.9999995527
   8266  -0.03960      0.0000139400      0.951688      0.0000005123      889.9999999982
   8276  -0.03860      0.0000000251      0.978899      0.0000000009      889.9999999999
   8286  -0.03760      0.0000001973      1.006110      0.0000000072      889.9999999999
   8296  -0.03660      0.0000903612      1.033322      0.0000033207      890.0000000204
   8306  -0.03560      0.0156327485      1.060533      0.0005744927      890.0000040582
   8316  -0.03460      1.0293976110      1.087745      0.0378296507      890.0003160085
   8326  -0.03360     26.0594628342      1.114956      0.9576672469      890.0099215832
   8336  -0.03260    256.6192020524      1.142167      9.4305783003      890.1301868624
   8346  -0.03160    995.4810385229      1.169379     36.5832400894      890.7551926563
   8356  -0.03060   1556.8780471667      1.196590     57.2141921195      892.1337274044
   8366  -0.02960   1223.8618848716      1.223802     44.9760783359      893.5405950029
   8376  -0.02860   1494.7841311208      1.251013     54.9322836241      894.8045664792
   8386  -0.02760   2412.2099063372      1.278224     88.6470467388      896.8352564161
   8396  -0.02660   2492.2522757715      1.305436     91.5885484902      899.3492755208
   8406  -0.02560   2560.8411382889      1.332647     94.1091417791      901.8567998539
   8416  -0.02460   2091.0149927712      1.359859     76.8433556751      904.2630932134
   8426  -0.02360    941.3185541924      1.387070     34.5928062273      905.6990053040
   8436  -0.02260    670.7361549366      1.414281     24.6490900812      906.4064327148
   8446  -0.02160    764.5394016280      1.441493     28.0962945603      907.1546785420
   8456  -0.02060    416.1520328426      1.468704     15.2932995628      907.7535881567
   8466  -0.01960    130.0376546637      1.495916      4.7787939269      907.9813979198
   8476  -0.01860    397.3672376157      1.523127     14.6029713222      908.1965746548
   8486  -0.01760   1505.9045853022      1.550338     55.3409526289      909.1440932002
   8496  -0.01660   2428.5530266326      1.577550     89.2476451133      911.2557429512
   8506  -0.01560   2124.1023205544      1.604761     78.0592921012      913.5749076802
   8516  -0.01460   1875.9296383155      1.631973     68.9391175658      915.5300383664
   8526  -0.01360   1571.3976456873      1.659184     57.7477773292      917.2703062403
   8536  -0.01260   1181.8006264128      1.686395     43.4303561603      918.6056517664
   8546  -0.01160   1151.0208951572      1.713607     42.2992223116      919.7366283326
   8556  -0.01060   1516.1276589376      1.740818     55.7166435188      921.0698454178
   8566  -0.00960   1461.5095878775      1.768030     53.7094671593      922.6398640239
   8576  -0.00860    633.9614449785      1.795241     23.2976449089      923.6645728602
   8586  -0.00760    110.7027277909      1.822452      4.0682487286      923.9617996645
   8596  -0.00660      7.5884887908      1.849664      0.2788717179      923.9981367755
   8606  -0.00560      0.2380344854      1.876875      0.0087476028      923.9999727925
   8616  -0.00460      1.7971816515      1.904087      0.0660451835      924.0005841755
   8626  -0.00360     35.7683673265      1.931298      1.3144627762      924.0144519934
   8636  -0.00260    318.0776531997      1.958509     11.6891338999      924.1657973665
   8646  -0.00160   1447.4153228255      1.985721     53.1915126606      925.0057735355
   8656  -0.00060   3647.0745084369      2.012932    134.0274673278      927.6175616386
   8666   0.00040   4810.4100397596      2.040144    176.7792440065      932.1267003728
   8676   0.00140   3260.5692561906      2.067355    119.8236664601      936.2284782934
   8686   0.00240   2002.3168490127      2.094566     73.5837602001      938.6455520122
   8696   0.00340   2040.8471641418      2.121778     74.9997226490      940.6441109670
   8706   0.00440   1793.6344389311      2.148989     65.9148258709      942.5809149619
   8716   0.00540   1841.8665783403      2.176200     67.6873236561      944.3251985297
   8726   0.00640   2505.5827072381      2.203412     92.0784326327      946.5395261302
   8736   0.00740   2422.6440114038      2.230623     89.0304928880      949.0773080800
   8746   0.00840   2038.0341763086      2.257835     74.8963472905      951.2714917840
   8756   0.00940   1713.3777164498      2.285046     62.9654467931      953.1368441170
   8766   0.01040   1624.0006116963      2.312257     59.6808999709      954.7592231005
   8776   0.01140   1559.2493861143      2.339469     57.3013371868      956.4003706461
   8786   0.01240    768.9647476337      2.366680     28.2589229672      957.5597263157
   8796   0.01340    155.5437817388      2.393892      5.7161264671      957.9429135899
   8806   0.01440     12.4021235532      2.421103      0.4557694682      957.9967971131
   8816   0.01540      0.3838809093      2.448314      0.0141073581      957.9999259196
   8826   0.01640      0.0045590662      2.475526      0.0001675425      957.9999993152
   8836   0.01740      0.0000205791      2.502737      0.0000007563      957.9999999974
   8846   0.01840      0.0000000351      2.529949      0.0000000013      957.9999999999
   8856   0.01940      0.0000000000      2.557160      0.0000000000      957.9999999999
END
