 ===== energy eigen values =====
 ik =    1 (  0.250000  0.250000  0.250000 )
     -0.85711036     -0.85711035     -0.85710483     -0.85666487     -0.85666486
     -0.85649633     -0.85645172     -0.85645170     -0.85625561     -0.85621603
     -0.85621602     -0.85595693     -0.85583627     -0.85583626     -0.85577670
     -0.85570560     -0.85564630     -0.85564629     -0.85555008     -0.85553292
     -0.85553289     -0.85543425     -0.85539667     -0.85539534     -0.85539534
     -0.85533351     -0.85533349     -0.85520385     -0.85520384     -0.85514882
     -0.85512184     -0.85512182     -0.85510207     -0.85505469     -0.85505467
     -0.85500666     -0.85495231     -0.85495230     -0.85476264     -0.85476263
     -0.85472759     -0.85471911     -0.85471744     -0.85471742     -0.85415784
     -0.85407442     -0.85407441     -0.85401348     -0.85397571     -0.85391688
     -0.85391684     -0.85376826     -0.85376824     -0.85371964     -0.85367582
     -0.85349374     -0.85349373     -0.85329434     -0.85329429     -0.85323952
     -0.85321469     -0.85321461     -0.85313417     -0.85300002     -0.85293754
     -0.85293749     -0.85272166     -0.85254421     -0.85254417     -0.85249761
     -0.85249759     -0.85244457     -0.85222932     -0.85222931     -0.85218359
     -0.85197154     -0.85197152     -0.85182356     -0.85176499     -0.85176497
     -0.85153132     -0.85153130     -0.85152732     -0.85142810     -0.85142809
     -0.85140194     -0.85109117     -0.85103787     -0.85101580     -0.85101575
     -0.85091521     -0.85091519     -0.85081613     -0.85081612     -0.85054669
     -0.85054668     -0.85053698     -0.85046828     -0.85042536     -0.85042532
     -0.85027154     -0.85027151     -0.85025545     -0.85018249     -0.85012712
     -0.85012710     -0.85000211     -0.84996793     -0.84996790     -0.84985812
     -0.84964049     -0.84963790     -0.84963789     -0.84946902     -0.84943084
     -0.84943082     -0.84937949     -0.84937948     -0.84936544     -0.84929346
     -0.84929345     -0.84910986     -0.84909847     -0.84909846     -0.84902691
     -0.84894274     -0.84894272     -0.84890077     -0.84873919     -0.84873918
     -0.84866924     -0.84866922     -0.84852653     -0.84839686     -0.84839683
     -0.84837050     -0.84835444     -0.84822891     -0.84822889     -0.84821510
     -0.84812557     -0.84812557     -0.84801703     -0.84799715     -0.84799714
     -0.84793076     -0.84793074     -0.84791337     -0.84773918     -0.84762588
     -0.84762587     -0.84750084     -0.84750082     -0.84746559     -0.84737590
     -0.84728124     -0.84728121     -0.84721183     -0.84720541     -0.84720540
     -0.84697388     -0.84690786     -0.84690785     -0.84686628     -0.84679098
     -0.84675366     -0.84675364     -0.84662077     -0.84659268     -0.84659266
     -0.84649603     -0.84649603     -0.84644118     -0.84624869     -0.84624867
     -0.84624157     -0.84613029     -0.84613028     -0.84604206     -0.84604205
     -0.84602632     -0.84597802     -0.84588516     -0.84588514     -0.84578675
     -0.84578674     -0.84573747     -0.84569294     -0.84564982     -0.84564982
     -0.84545053     -0.84535388     -0.84532487     -0.84532486     -0.84524503
     -0.84524501     -0.84518965     -0.84507468     -0.84507467     -0.84503913
     -0.84503601     -0.84494630     -0.84494629     -0.84487325     -0.84487324
     -0.84476666     -0.84471365     -0.84471364     -0.84463101     -0.84452556
     -0.84452554     -0.84445617     -0.84442718     -0.84442717     -0.84431708
     -0.84426848     -0.84426848     -0.84424565     -0.84419105     -0.84419104
     -0.84406670     -0.84406668     -0.84403103     -0.84399595     -0.84399593
     -0.84387502     -0.84377379     -0.84377377     -0.84371958     -0.84371957
     -0.84370275     -0.84352098     -0.84342399     -0.84337697     -0.84337696
     -0.84320193     -0.84318161     -0.84318160     -0.84293024     -0.84290983
     -0.84290982     -0.84273538     -0.84270814     -0.84270813     -0.84265116
     -0.84258401     -0.84258399     -0.84241792     -0.84241792     -0.84240333
     -0.84214798     -0.84214795     -0.84208294     -0.84188762     -0.84188761
     -0.84187151     -0.84186158     -0.84178669     -0.84178668     -0.84171375
     -0.84171373     -0.84161327     -0.84160334     -0.84160334     -0.84139490
     -0.84134010     -0.84134009     -0.84122183     -0.84122181     -0.84117049
     -0.84112649     -0.84112649     -0.84110364     -0.84099914     -0.84066206
     -0.84066204     -0.84064536     -0.84060641     -0.84059869     -0.84059867
     -0.84047412     -0.84045120     -0.84045119     -0.84041578     -0.84040874
     -0.84040873     -0.84037895     -0.84034297     -0.84034296     -0.84020618
     -0.84020618     -0.84008023     -0.84008021     -0.84003918     -0.84003917
     -0.84002230     -0.83988263     -0.83987461     -0.83983335     -0.83983334
     -0.83970145     -0.83970142     -0.83957718     -0.83940720     -0.83934917
     -0.83934913     -0.83920133     -0.83876223     -0.83875010     -0.83875001
     -0.83857060     -0.83857054     -0.83853419     -0.83851747     -0.83851740
     -0.42631344     -0.41367087     -0.41367083     -0.41157970     -0.40153073
     -0.40153068     -0.39871409     -0.39039517     -0.38791031     -0.38791027
     -0.38586221     -0.37886562     -0.37886560     -0.37882550     -0.37823296
     -0.37823282     -0.37793774     -0.37474213     -0.37474200     -0.36763831
     -0.36295351     -0.36295347     -0.35603884     -0.35135374     -0.35120244
     -0.35120240     -0.34898279     -0.34896184     -0.34896178     -0.34681460
     -0.34681448     -0.32493666     -0.30613454     -0.30613453     -0.30597046
     -0.30588123     -0.30557328     -0.30557318     -0.30239868     -0.30239862
     -0.29352177     -0.29114627     -0.29114611     -0.28460192     -0.28159511
     -0.28159496     -0.27750965     -0.27070532     -0.27070524     -0.27062415
     -0.26847993     -0.26847983     -0.26039800     -0.25563453     -0.25251285
     -0.25251273     -0.23653767     -0.23238427     -0.23238417     -0.20735557
     -0.19892131     -0.19892122     -0.16935777     -0.16859642     -0.16859635
     -0.16768223     -0.16750726     -0.16750723     -0.16598144     -0.16530733
     -0.16530722     -0.15810370     -0.15413888     -0.15383164     -0.15383161
     -0.15353540     -0.15353536     -0.15317753     -0.15136226     -0.15023558
     -0.15023548     -0.14140356     -0.14111208     -0.14111207     -0.14016189
     -0.14016179     -0.13937398     -0.13792598     -0.13642950     -0.13611270
     -0.13611257     -0.13437619     -0.13437614     -0.13196462     -0.13196451
     -0.13192123     -0.12746872     -0.12746864     -0.12438330     -0.12407310
     -0.12148637     -0.12148635     -0.11654746     -0.11627696     -0.11627689
     -0.11587133     -0.11570314     -0.11570296     -0.11212116     -0.11212105
     -0.10851073     -0.10770744     -0.10384740     -0.10384727     -0.10061357
     -0.10061338     -0.09812057     -0.09621797     -0.09621791     -0.09172469
     -0.08982795     -0.08982788     -0.08562680     -0.07669203     -0.07457399
     -0.07457388     -0.06227153     -0.05571460     -0.05571446     -0.04582381
     -0.03068111     -0.03068108     -0.02771718     -0.02739740     -0.02739725
     -0.02521388     -0.02516746     -0.02516734     -0.02180539     -0.01678487
     -0.01663379     -0.01663374     -0.01436384     -0.01436370     -0.01228007
     -0.01003660     -0.01003640     -0.00102088      0.00006845      0.00007260
      0.00007267      0.00056730      0.00061858      0.00061859      0.00316310
      0.00316318      0.00447211      0.00647356      0.00665493      0.00665503
      0.00872212      0.00874276      0.01109541      0.01116020
 ===== energy eigen values =====
 ik =    2 ( -0.250000 -0.250000  0.250000 )
     -0.85711036     -0.85711035     -0.85710483     -0.85666487     -0.85666486
     -0.85649633     -0.85645172     -0.85645170     -0.85625561     -0.85621603
     -0.85621603     -0.85595693     -0.85583627     -0.85583626     -0.85577670
     -0.85570560     -0.85564630     -0.85564629     -0.85555008     -0.85553292
     -0.85553288     -0.85543424     -0.85539668     -0.85539534     -0.85539533
     -0.85533350     -0.85533349     -0.85520386     -0.85520385     -0.85514882
     -0.85512184     -0.85512182     -0.85510208     -0.85505469     -0.85505467
     -0.85500665     -0.85495231     -0.85495230     -0.85476264     -0.85476263
     -0.85472759     -0.85471911     -0.85471744     -0.85471742     -0.85415783
     -0.85407442     -0.85407441     -0.85401348     -0.85397571     -0.85391689
     -0.85391684     -0.85376826     -0.85376824     -0.85371963     -0.85367582
     -0.85349374     -0.85349373     -0.85329432     -0.85329429     -0.85323952
     -0.85321470     -0.85321460     -0.85313419     -0.85300002     -0.85293755
     -0.85293748     -0.85272166     -0.85254420     -0.85254417     -0.85249761
     -0.85249759     -0.85244457     -0.85222933     -0.85222931     -0.85218359
     -0.85197154     -0.85197152     -0.85182355     -0.85176499     -0.85176497
     -0.85153132     -0.85153130     -0.85152732     -0.85142810     -0.85142809
     -0.85140194     -0.85109117     -0.85103785     -0.85101581     -0.85101575
     -0.85091522     -0.85091519     -0.85081613     -0.85081612     -0.85054670
     -0.85054668     -0.85053697     -0.85046829     -0.85042536     -0.85042532
     -0.85027155     -0.85027151     -0.85025546     -0.85018249     -0.85012712
     -0.85012710     -0.85000211     -0.84996792     -0.84996790     -0.84985812
     -0.84964049     -0.84963791     -0.84963790     -0.84946901     -0.84943084
     -0.84943082     -0.84937948     -0.84937948     -0.84936544     -0.84929346
     -0.84929345     -0.84910986     -0.84909847     -0.84909846     -0.84902691
     -0.84894274     -0.84894273     -0.84890076     -0.84873918     -0.84873918
     -0.84866923     -0.84866922     -0.84852652     -0.84839686     -0.84839683
     -0.84837050     -0.84835444     -0.84822891     -0.84822889     -0.84821510
     -0.84812557     -0.84812557     -0.84801704     -0.84799715     -0.84799714
     -0.84793076     -0.84793074     -0.84791337     -0.84773918     -0.84762588
     -0.84762587     -0.84750085     -0.84750082     -0.84746559     -0.84737590
     -0.84728125     -0.84728121     -0.84721183     -0.84720541     -0.84720540
     -0.84697389     -0.84690786     -0.84690785     -0.84686627     -0.84679098
     -0.84675366     -0.84675364     -0.84662077     -0.84659268     -0.84659266
     -0.84649603     -0.84649603     -0.84644118     -0.84624869     -0.84624867
     -0.84624157     -0.84613029     -0.84613028     -0.84604206     -0.84604204
     -0.84602632     -0.84597802     -0.84588516     -0.84588514     -0.84578675
     -0.84578674     -0.84573746     -0.84569294     -0.84564982     -0.84564982
     -0.84545053     -0.84535388     -0.84532487     -0.84532486     -0.84524503
     -0.84524501     -0.84518965     -0.84507468     -0.84507467     -0.84503913
     -0.84503601     -0.84494630     -0.84494629     -0.84487325     -0.84487324
     -0.84476666     -0.84471365     -0.84471364     -0.84463100     -0.84452556
     -0.84452554     -0.84445617     -0.84442717     -0.84442717     -0.84431708
     -0.84426848     -0.84426847     -0.84424566     -0.84419105     -0.84419104
     -0.84406670     -0.84406668     -0.84403102     -0.84399595     -0.84399593
     -0.84387502     -0.84377379     -0.84377377     -0.84371957     -0.84371957
     -0.84370275     -0.84352098     -0.84342399     -0.84337698     -0.84337696
     -0.84320193     -0.84318161     -0.84318160     -0.84293024     -0.84290983
     -0.84290982     -0.84273537     -0.84270814     -0.84270813     -0.84265116
     -0.84258401     -0.84258399     -0.84241793     -0.84241792     -0.84240333
     -0.84214797     -0.84214795     -0.84208294     -0.84188762     -0.84188762
     -0.84187151     -0.84186158     -0.84178669     -0.84178668     -0.84171375
     -0.84171373     -0.84161327     -0.84160334     -0.84160334     -0.84139491
     -0.84134010     -0.84134009     -0.84122183     -0.84122181     -0.84117049
     -0.84112649     -0.84112649     -0.84110365     -0.84099914     -0.84066206
     -0.84066204     -0.84064536     -0.84060641     -0.84059869     -0.84059867
     -0.84047413     -0.84045121     -0.84045120     -0.84041578     -0.84040874
     -0.84040873     -0.84037895     -0.84034297     -0.84034296     -0.84020618
     -0.84020618     -0.84008022     -0.84008021     -0.84003918     -0.84003916
     -0.84002230     -0.83988263     -0.83987461     -0.83983335     -0.83983334
     -0.83970145     -0.83970142     -0.83957718     -0.83940720     -0.83934918
     -0.83934913     -0.83920132     -0.83876224     -0.83875009     -0.83875000
     -0.83857061     -0.83857054     -0.83853418     -0.83851747     -0.83851740
     -0.42631344     -0.41367088     -0.41367082     -0.41157970     -0.40153074
     -0.40153067     -0.39871408     -0.39039517     -0.38791032     -0.38791026
     -0.38586222     -0.37886562     -0.37886560     -0.37882551     -0.37823296
     -0.37823282     -0.37793774     -0.37474211     -0.37474198     -0.36763830
     -0.36295354     -0.36295347     -0.35603886     -0.35135374     -0.35120245
     -0.35120240     -0.34898279     -0.34896185     -0.34896178     -0.34681457
     -0.34681446     -0.32493667     -0.30613454     -0.30613453     -0.30597046
     -0.30588124     -0.30557331     -0.30557317     -0.30239871     -0.30239859
     -0.29352175     -0.29114623     -0.29114610     -0.28460192     -0.28159513
     -0.28159497     -0.27750965     -0.27070533     -0.27070524     -0.27062416
     -0.26847996     -0.26847985     -0.26039795     -0.25563453     -0.25251284
     -0.25251272     -0.23653767     -0.23238427     -0.23238416     -0.20735557
     -0.19892132     -0.19892123     -0.16935778     -0.16859642     -0.16859636
     -0.16768223     -0.16750727     -0.16750723     -0.16598143     -0.16530734
     -0.16530721     -0.15810369     -0.15413889     -0.15383165     -0.15383160
     -0.15353539     -0.15353536     -0.15317751     -0.15136226     -0.15023558
     -0.15023549     -0.14140356     -0.14111209     -0.14111206     -0.14016189
     -0.14016180     -0.13937398     -0.13792599     -0.13642950     -0.13611272
     -0.13611256     -0.13437619     -0.13437613     -0.13196461     -0.13196452
     -0.13192123     -0.12746873     -0.12746864     -0.12438330     -0.12407311
     -0.12148637     -0.12148635     -0.11654747     -0.11627696     -0.11627689
     -0.11587132     -0.11570310     -0.11570293     -0.11212116     -0.11212104
     -0.10851071     -0.10770746     -0.10384741     -0.10384726     -0.10061355
     -0.10061337     -0.09812059     -0.09621799     -0.09621791     -0.09172468
     -0.08982797     -0.08982788     -0.08562682     -0.07669199     -0.07457401
     -0.07457386     -0.06227153     -0.05571461     -0.05571450     -0.04582382
     -0.03068111     -0.03068106     -0.02771718     -0.02739741     -0.02739724
     -0.02521389     -0.02516746     -0.02516734     -0.02180539     -0.01678488
     -0.01663382     -0.01663374     -0.01436386     -0.01436368     -0.01228007
     -0.01003660     -0.01003640     -0.00102086      0.00006846      0.00007261
      0.00007268      0.00056731      0.00061857      0.00061859      0.00316310
      0.00316317      0.00447212      0.00647361      0.00665493      0.00665498
      0.00872212      0.00873245      0.01109574      0.01115338
 ===== energy eigen values =====
 ik =    3 ( -0.250000  0.250000 -0.250000 )
     -0.85711037     -0.85711035     -0.85710482     -0.85666487     -0.85666486
     -0.85649633     -0.85645171     -0.85645170     -0.85625562     -0.85621603
     -0.85621602     -0.85595693     -0.85583627     -0.85583626     -0.85577670
     -0.85570561     -0.85564630     -0.85564628     -0.85555008     -0.85553292
     -0.85553289     -0.85543425     -0.85539667     -0.85539535     -0.85539533
     -0.85533350     -0.85533349     -0.85520385     -0.85520384     -0.85514882
     -0.85512184     -0.85512182     -0.85510208     -0.85505468     -0.85505468
     -0.85500666     -0.85495232     -0.85495230     -0.85476264     -0.85476263
     -0.85472759     -0.85471911     -0.85471744     -0.85471742     -0.85415784
     -0.85407441     -0.85407441     -0.85401348     -0.85397570     -0.85391688
     -0.85391684     -0.85376826     -0.85376824     -0.85371964     -0.85367582
     -0.85349375     -0.85349373     -0.85329434     -0.85329429     -0.85323952
     -0.85321467     -0.85321464     -0.85313415     -0.85300002     -0.85293754
     -0.85293750     -0.85272165     -0.85254421     -0.85254418     -0.85249761
     -0.85249758     -0.85244457     -0.85222933     -0.85222930     -0.85218360
     -0.85197154     -0.85197152     -0.85182355     -0.85176498     -0.85176498
     -0.85153133     -0.85153131     -0.85152732     -0.85142810     -0.85142808
     -0.85140194     -0.85109117     -0.85103787     -0.85101580     -0.85101576
     -0.85091521     -0.85091518     -0.85081613     -0.85081612     -0.85054670
     -0.85054668     -0.85053697     -0.85046828     -0.85042535     -0.85042534
     -0.85027154     -0.85027152     -0.85025546     -0.85018249     -0.85012712
     -0.85012710     -0.85000211     -0.84996793     -0.84996791     -0.84985812
     -0.84964049     -0.84963790     -0.84963790     -0.84946902     -0.84943084
     -0.84943082     -0.84937948     -0.84937948     -0.84936544     -0.84929347
     -0.84929345     -0.84910986     -0.84909847     -0.84909846     -0.84902691
     -0.84894273     -0.84894272     -0.84890077     -0.84873918     -0.84873918
     -0.84866924     -0.84866923     -0.84852653     -0.84839686     -0.84839683
     -0.84837050     -0.84835444     -0.84822891     -0.84822889     -0.84821510
     -0.84812558     -0.84812557     -0.84801703     -0.84799714     -0.84799714
     -0.84793075     -0.84793075     -0.84791336     -0.84773918     -0.84762588
     -0.84762587     -0.84750084     -0.84750083     -0.84746559     -0.84737590
     -0.84728125     -0.84728121     -0.84721184     -0.84720541     -0.84720541
     -0.84697388     -0.84690786     -0.84690785     -0.84686627     -0.84679099
     -0.84675365     -0.84675364     -0.84662077     -0.84659268     -0.84659266
     -0.84649603     -0.84649603     -0.84644118     -0.84624869     -0.84624867
     -0.84624157     -0.84613029     -0.84613028     -0.84604206     -0.84604204
     -0.84602632     -0.84597802     -0.84588515     -0.84588515     -0.84578675
     -0.84578674     -0.84573747     -0.84569294     -0.84564982     -0.84564982
     -0.84545053     -0.84535388     -0.84532487     -0.84532487     -0.84524503
     -0.84524503     -0.84518965     -0.84507468     -0.84507467     -0.84503912
     -0.84503601     -0.84494630     -0.84494629     -0.84487325     -0.84487324
     -0.84476667     -0.84471366     -0.84471364     -0.84463101     -0.84452556
     -0.84452554     -0.84445617     -0.84442717     -0.84442717     -0.84431708
     -0.84426848     -0.84426848     -0.84424565     -0.84419104     -0.84419104
     -0.84406670     -0.84406669     -0.84403103     -0.84399594     -0.84399594
     -0.84387503     -0.84377379     -0.84377377     -0.84371957     -0.84371957
     -0.84370274     -0.84352097     -0.84342399     -0.84337697     -0.84337696
     -0.84320193     -0.84318161     -0.84318160     -0.84293024     -0.84290983
     -0.84290983     -0.84273537     -0.84270814     -0.84270813     -0.84265115
     -0.84258400     -0.84258399     -0.84241794     -0.84241793     -0.84240332
     -0.84214797     -0.84214796     -0.84208294     -0.84188762     -0.84188761
     -0.84187152     -0.84186158     -0.84178669     -0.84178668     -0.84171375
     -0.84171374     -0.84161327     -0.84160334     -0.84160334     -0.84139490
     -0.84134010     -0.84134009     -0.84122183     -0.84122181     -0.84117049
     -0.84112649     -0.84112649     -0.84110365     -0.84099913     -0.84066205
     -0.84066204     -0.84064536     -0.84060641     -0.84059869     -0.84059867
     -0.84047412     -0.84045121     -0.84045120     -0.84041578     -0.84040874
     -0.84040873     -0.84037896     -0.84034296     -0.84034296     -0.84020619
     -0.84020618     -0.84008023     -0.84008021     -0.84003918     -0.84003916
     -0.84002230     -0.83988262     -0.83987462     -0.83983334     -0.83983333
     -0.83970144     -0.83970144     -0.83957718     -0.83940719     -0.83934918
     -0.83934913     -0.83920133     -0.83876221     -0.83875007     -0.83875005
     -0.83857058     -0.83857056     -0.83853418     -0.83851746     -0.83851742
     -0.42631344     -0.41367087     -0.41367082     -0.41157971     -0.40153073
     -0.40153067     -0.39871411     -0.39039518     -0.38791031     -0.38791025
     -0.38586219     -0.37886562     -0.37886559     -0.37882550     -0.37823296
     -0.37823283     -0.37793774     -0.37474217     -0.37474195     -0.36763835
     -0.36295352     -0.36295344     -0.35603885     -0.35135374     -0.35120243
     -0.35120241     -0.34898278     -0.34896182     -0.34896180     -0.34681459
     -0.34681447     -0.32493667     -0.30613454     -0.30613453     -0.30597046
     -0.30588122     -0.30557326     -0.30557322     -0.30239866     -0.30239862
     -0.29352178     -0.29114625     -0.29114617     -0.28460192     -0.28159514
     -0.28159493     -0.27750965     -0.27070529     -0.27070527     -0.27062413
     -0.26847995     -0.26847977     -0.26039803     -0.25563453     -0.25251287
     -0.25251274     -0.23653767     -0.23238424     -0.23238421     -0.20735556
     -0.19892130     -0.19892123     -0.16935777     -0.16859640     -0.16859636
     -0.16768223     -0.16750727     -0.16750721     -0.16598145     -0.16530733
     -0.16530724     -0.15810370     -0.15413887     -0.15383165     -0.15383161
     -0.15353540     -0.15353539     -0.15317753     -0.15136225     -0.15023559
     -0.15023546     -0.14140356     -0.14111207     -0.14111206     -0.14016188
     -0.14016180     -0.13937400     -0.13792596     -0.13642950     -0.13611267
     -0.13611259     -0.13437621     -0.13437613     -0.13196461     -0.13196453
     -0.13192124     -0.12746870     -0.12746866     -0.12438330     -0.12407309
     -0.12148638     -0.12148633     -0.11654746     -0.11627693     -0.11627691
     -0.11587132     -0.11570314     -0.11570300     -0.11212114     -0.11212108
     -0.10851074     -0.10770741     -0.10384735     -0.10384733     -0.10061352
     -0.10061346     -0.09812056     -0.09621795     -0.09621793     -0.09172472
     -0.08982793     -0.08982789     -0.08562678     -0.07669198     -0.07457397
     -0.07457389     -0.06227154     -0.05571462     -0.05571443     -0.04582381
     -0.03068112     -0.03068108     -0.02771718     -0.02739737     -0.02739728
     -0.02521390     -0.02516748     -0.02516733     -0.02180539     -0.01678486
     -0.01663376     -0.01663373     -0.01436382     -0.01436374     -0.01228010
     -0.01003667     -0.01003636     -0.00102090      0.00006844      0.00007262
      0.00007264      0.00056731      0.00061859      0.00061860      0.00316309
      0.00316317      0.00447223      0.00647386      0.00665492      0.00665504
      0.00872213      0.00873372      0.01109538      0.01112578
 ===== energy eigen values =====
 ik =    4 ( -0.250000  0.250000  0.250000 )
     -0.85711035     -0.85711035     -0.85710484     -0.85666487     -0.85666486
     -0.85649631     -0.85645171     -0.85645171     -0.85625561     -0.85621603
     -0.85621603     -0.85595694     -0.85583625     -0.85583625     -0.85577671
     -0.85570560     -0.85564630     -0.85564630     -0.85555009     -0.85553290
     -0.85553288     -0.85543421     -0.85539670     -0.85539534     -0.85539533
     -0.85533350     -0.85533349     -0.85520387     -0.85520387     -0.85514884
     -0.85512183     -0.85512182     -0.85510207     -0.85505468     -0.85505467
     -0.85500664     -0.85495232     -0.85495231     -0.85476263     -0.85476262
     -0.85472758     -0.85471912     -0.85471744     -0.85471743     -0.85415779
     -0.85407443     -0.85407442     -0.85401351     -0.85397571     -0.85391689
     -0.85391688     -0.85376826     -0.85376825     -0.85371959     -0.85367582
     -0.85349374     -0.85349373     -0.85329429     -0.85329425     -0.85323951
     -0.85321469     -0.85321462     -0.85313430     -0.85300003     -0.85293753
     -0.85293749     -0.85272167     -0.85254417     -0.85254415     -0.85249761
     -0.85249758     -0.85244457     -0.85222934     -0.85222934     -0.85218356
     -0.85197154     -0.85197154     -0.85182355     -0.85176498     -0.85176497
     -0.85153131     -0.85153130     -0.85152734     -0.85142811     -0.85142810
     -0.85140194     -0.85109117     -0.85103780     -0.85101581     -0.85101578
     -0.85091522     -0.85091521     -0.85081613     -0.85081612     -0.85054670
     -0.85054669     -0.85053694     -0.85046831     -0.85042534     -0.85042532
     -0.85027154     -0.85027153     -0.85025546     -0.85018250     -0.85012712
     -0.85012710     -0.85000210     -0.84996791     -0.84996791     -0.84985813
     -0.84964050     -0.84963792     -0.84963791     -0.84946900     -0.84943084
     -0.84943084     -0.84937948     -0.84937947     -0.84936545     -0.84929346
     -0.84929345     -0.84910987     -0.84909847     -0.84909845     -0.84902691
     -0.84894274     -0.84894273     -0.84890075     -0.84873918     -0.84873917
     -0.84866922     -0.84866921     -0.84852651     -0.84839685     -0.84839684
     -0.84837048     -0.84835446     -0.84822891     -0.84822890     -0.84821510
     -0.84812557     -0.84812556     -0.84801706     -0.84799716     -0.84799714
     -0.84793074     -0.84793073     -0.84791339     -0.84773917     -0.84762588
     -0.84762588     -0.84750083     -0.84750083     -0.84746559     -0.84737591
     -0.84728124     -0.84728123     -0.84721183     -0.84720540     -0.84720540
     -0.84697389     -0.84690785     -0.84690785     -0.84686626     -0.84679095
     -0.84675365     -0.84675364     -0.84662077     -0.84659269     -0.84659269
     -0.84649605     -0.84649604     -0.84644117     -0.84624869     -0.84624868
     -0.84624158     -0.84613028     -0.84613028     -0.84604206     -0.84604205
     -0.84602633     -0.84597802     -0.84588516     -0.84588514     -0.84578675
     -0.84578675     -0.84573744     -0.84569295     -0.84564982     -0.84564982
     -0.84545053     -0.84535387     -0.84532487     -0.84532486     -0.84524503
     -0.84524501     -0.84518966     -0.84507469     -0.84507469     -0.84503914
     -0.84503602     -0.84494630     -0.84494628     -0.84487325     -0.84487324
     -0.84476666     -0.84471365     -0.84471364     -0.84463098     -0.84452555
     -0.84452554     -0.84445617     -0.84442716     -0.84442715     -0.84431709
     -0.84426848     -0.84426847     -0.84424567     -0.84419105     -0.84419104
     -0.84406670     -0.84406669     -0.84403101     -0.84399595     -0.84399595
     -0.84387501     -0.84377379     -0.84377378     -0.84371956     -0.84371955
     -0.84370277     -0.84352101     -0.84342398     -0.84337699     -0.84337698
     -0.84320192     -0.84318161     -0.84318160     -0.84293025     -0.84290982
     -0.84290981     -0.84273536     -0.84270813     -0.84270812     -0.84265118
     -0.84258400     -0.84258400     -0.84241792     -0.84241792     -0.84240333
     -0.84214797     -0.84214796     -0.84208295     -0.84188763     -0.84188762
     -0.84187148     -0.84186157     -0.84178669     -0.84178669     -0.84171375
     -0.84171374     -0.84161327     -0.84160335     -0.84160334     -0.84139492
     -0.84134011     -0.84134010     -0.84122181     -0.84122181     -0.84117048
     -0.84112648     -0.84112648     -0.84110365     -0.84099915     -0.84066206
     -0.84066205     -0.84064535     -0.84060641     -0.84059868     -0.84059868
     -0.84047415     -0.84045121     -0.84045121     -0.84041578     -0.84040873
     -0.84040872     -0.84037893     -0.84034297     -0.84034296     -0.84020617
     -0.84020616     -0.84008021     -0.84008020     -0.84003917     -0.84003917
     -0.84002231     -0.83988266     -0.83987458     -0.83983337     -0.83983336
     -0.83970144     -0.83970142     -0.83957718     -0.83940720     -0.83934918
     -0.83934916     -0.83920130     -0.83876229     -0.83875005     -0.83874999
     -0.83857061     -0.83857057     -0.83853414     -0.83851747     -0.83851741
     -0.42631343     -0.41367087     -0.41367086     -0.41157966     -0.40153073
     -0.40153073     -0.39871399     -0.39039515     -0.38791033     -0.38791031
     -0.38586231     -0.37886563     -0.37886561     -0.37882554     -0.37823290
     -0.37823287     -0.37793773     -0.37474205     -0.37474191     -0.36763816
     -0.36295358     -0.36295357     -0.35603889     -0.35135374     -0.35120245
     -0.35120241     -0.34898284     -0.34896185     -0.34896180     -0.34681451
     -0.34681441     -0.32493666     -0.30613454     -0.30613453     -0.30597045
     -0.30588130     -0.30557330     -0.30557320     -0.30239868     -0.30239865
     -0.29352169     -0.29114610     -0.29114602     -0.28460192     -0.28159512
     -0.28159507     -0.27750966     -0.27070535     -0.27070525     -0.27062425
     -0.26848005     -0.26847998     -0.26039775     -0.25563453     -0.25251277
     -0.25251267     -0.23653770     -0.23238422     -0.23238418     -0.20735560
     -0.19892135     -0.19892126     -0.16935783     -0.16859642     -0.16859641
     -0.16768222     -0.16750727     -0.16750726     -0.16598138     -0.16530730
     -0.16530721     -0.15810363     -0.15413893     -0.15383162     -0.15383160
     -0.15353535     -0.15353533     -0.15317746     -0.15136227     -0.15023558
     -0.15023554     -0.14140357     -0.14111210     -0.14111209     -0.14016187
     -0.14016185     -0.13937392     -0.13792605     -0.13642951     -0.13611272
     -0.13611261     -0.13437616     -0.13437613     -0.13196457     -0.13196453
     -0.13192119     -0.12746874     -0.12746866     -0.12438329     -0.12407315
     -0.12148638     -0.12148637     -0.11654750     -0.11627697     -0.11627691
     -0.11587132     -0.11570294     -0.11570279     -0.11212110     -0.11212103
     -0.10851062     -0.10770760     -0.10384741     -0.10384728     -0.10061341
     -0.10061334     -0.09812067     -0.09621799     -0.09621793     -0.09172456
     -0.08982802     -0.08982795     -0.08562693     -0.07669209     -0.07457400
     -0.07457388     -0.06227151     -0.05571469     -0.05571456     -0.04582383
     -0.03068108     -0.03068102     -0.02771718     -0.02739736     -0.02739726
     -0.02521386     -0.02516746     -0.02516733     -0.02180538     -0.01678493
     -0.01663388     -0.01663385     -0.01436380     -0.01436365     -0.01228000
     -0.01003650     -0.01003638     -0.00102075      0.00006851      0.00007267
      0.00007270      0.00056733      0.00061854      0.00061855      0.00316310
      0.00316319      0.00447208      0.00647367      0.00665498      0.00665515
      0.00872206      0.00872952      0.01109548      0.01115540
 ===== occupations =====
 ik =    1 (  0.250000  0.250000  0.250000 )
      1.00000000      1.00000000      1.00000000      1.00000000      1.00000000
      1.00000000      1.00000000      1.00000000      1.00000000      1.00000000
      1.00000000      1.00000000      1.00000000      1.00000000      1.00000000
      1.00000000      1.00000000      1.00000000      1.00000000      1.00000000
      1.00000000      1.00000000      1.00000000      1.00000000      1.00000000
      1.00000000      1.00000000      1.00000000      1.00000000      1.00000000
      1.00000000      1.00000000      1.00000000      1.00000000      1.00000000
      1.00000000      1.00000000      1.00000000      1.00000000      1.00000000
      1.00000000      1.00000000      1.00000000      1.00000000      1.00000000
      1.00000000      1.00000000      1.00000000      1.00000000      1.00000000
      1.00000000      1.00000000      1.00000000      1.00000000      1.00000000
      1.00000000      1.00000000      1.00000000      1.00000000      1.00000000
      1.00000000      1.00000000      1.00000000      1.00000000      1.00000000
      1.00000000      1.00000000      1.00000000      1.00000000      1.00000000
      1.00000000      1.00000000      1.00000000      1.00000000      1.00000000
      1.00000000      1.00000000      1.00000000      1.00000000      1.00000000
      1.00000000      1.00000000      1.00000000      1.00000000      1.00000000
      1.00000000      1.00000000      1.00000000      1.00000000      1.00000000
      1.00000000      1.00000000      1.00000000      1.00000000      1.00000000
      1.00000000      1.00000000      1.00000000      1.00000000      1.00000000
      1.00000000      1.00000000      1.00000000      1.00000000      1.00000000
      1.00000000      1.00000000      1.00000000      1.00000000      1.00000000
      1.00000000      1.00000000      1.00000000      1.00000000      1.00000000
      1.00000000      1.00000000      1.00000000      1.00000000      1.00000000
      1.00000000      1.00000000      1.00000000      1.00000000      1.00000000
      1.00000000      1.00000000      1.00000000      1.00000000      1.00000000
      1.00000000      1.00000000      1.00000000      1.00000000      1.00000000
      1.00000000      1.00000000      1.00000000      1.00000000      1.00000000
      1.00000000      1.00000000      1.00000000      1.00000000      1.00000000
      1.00000000      1.00000000      1.00000000      1.00000000      1.00000000
      1.00000000      1.00000000      1.00000000      1.00000000      1.00000000
      1.00000000      1.00000000      1.00000000      1.00000000      1.00000000
      1.00000000      1.00000000      1.00000000      1.00000000      1.00000000
      1.00000000      1.00000000      1.00000000      1.00000000      1.00000000
      1.00000000      1.00000000      1.00000000      1.00000000      1.00000000
      1.00000000      1.00000000      1.00000000      1.00000000      1.00000000
      1.00000000      1.00000000      1.00000000      1.00000000      1.00000000
      1.00000000      1.00000000      1.00000000      1.00000000      1.00000000
      1.00000000      1.00000000      1.00000000      1.00000000      1.00000000
      1.00000000      1.00000000      1.00000000      1.00000000      1.00000000
      1.00000000      1.00000000      1.00000000      1.00000000      1.00000000
      1.00000000      1.00000000      1.00000000      1.00000000      1.00000000
      1.00000000      1.00000000      1.00000000      1.00000000      1.00000000
      1.00000000      1.00000000      1.00000000      1.00000000      1.00000000
      1.00000000      1.00000000      1.00000000      1.00000000      1.00000000
      1.00000000      1.00000000      1.00000000      1.00000000      1.00000000
      1.00000000      1.00000000      1.00000000      1.00000000      1.00000000
      1.00000000      1.00000000      1.00000000      1.00000000      1.00000000
      1.00000000      1.00000000      1.00000000      1.00000000      1.00000000
      1.00000000      1.00000000      1.00000000      1.00000000      1.00000000
      1.00000000      1.00000000      1.00000000      1.00000000      1.00000000
      1.00000000      1.00000000      1.00000000      1.00000000      1.00000000
      1.00000000      1.00000000      1.00000000      1.00000000      1.00000000
      1.00000000      1.00000000      1.00000000      1.00000000      1.00000000
      1.00000000      1.00000000      1.00000000      1.00000000      1.00000000
      1.00000000      1.00000000      1.00000000      1.00000000      1.00000000
      1.00000000      1.00000000      1.00000000      1.00000000      1.00000000
      1.00000000      1.00000000      1.00000000      1.00000000      1.00000000
      1.00000000      1.00000000      1.00000000      1.00000000      1.00000000
      1.00000000      1.00000000      1.00000000      1.00000000      1.00000000
      1.00000000      1.00000000      1.00000000      1.00000000      1.00000000
      1.00000000      1.00000000      1.00000000      1.00000000      1.00000000
      1.00000000      1.00000000      1.00000000      1.00000000      1.00000000
      1.00000000      1.00000000      1.00000000      1.00000000      1.00000000
      1.00000000      1.00000000      1.00000000      1.00000000      1.00000000
      1.00000000      1.00000000      1.00000000      1.00000000      1.00000000
      1.00000000      1.00000000      1.00000000      1.00000000      1.00000000
      1.00000000      1.00000000      1.00000000      1.00000000      1.00000000
      1.00000000      1.00000000      1.00000000      1.00000000      1.00000000
      1.00000000      1.00000000      1.00000000      1.00000000      1.00000000
      1.00000000      1.00000000      1.00000000      1.00000000      1.00000000
      1.00000000      1.00000000      1.00000000      1.00000000      1.00000000
      1.00000000      1.00000000      1.00000000      1.00000000      1.00000000
      1.00000000      1.00000000      1.00000000      1.00000000      1.00000000
      1.00000000      1.00000000      1.00000000      1.00000000      1.00000000
      1.00000000      1.00000000      1.00000000      1.00000000      1.00000000
      1.00000000      1.00000000      1.00000000      1.00000000      1.00000000
      1.00000000      1.00000000      1.00000000      1.00000000      1.00000000
      1.00000000      1.00000000      1.00000000      1.00000000      1.00000000
      1.00000000      1.00000000      1.00000000      1.00000000      1.00000000
      1.00000000      1.00000000      1.00000000      1.00000000      1.00000000
      1.00000000      1.00000000      1.00000000      1.00000000      1.00000000
      1.00000000      1.00000000      1.00000000      1.00000000      1.00000000
      1.00000000      1.00000000      1.00000000      1.00000000      1.00000000
      1.00000000      1.00000000      1.00000000      1.00000000      1.00000000
      1.00000000      1.00000000      1.00000000      1.00000000      1.00000000
      1.00000000      1.00000000      1.00000000      1.00000000      1.00000000
      1.00000000      1.00000000      1.00000000      1.00000000      1.00000000
      1.00000000      0.00000000      0.00000000      0.00000000      0.00000000
      0.00000000      0.00000000      0.00000000      0.00000000      0.00000000
      0.00000000      0.00000000      0.00000000      0.00000000      0.00000000
      0.00000000      0.00000000      0.00000000      0.00000000      0.00000000
      0.00000000      0.00000000      0.00000000      0.00000000      0.00000000
      0.00000000      0.00000000      0.00000000      0.00000000      0.00000000
      0.00000000      0.00000000      0.00000000      0.00000000      0.00000000
      0.00000000      0.00000000      0.00000000      0.00000000
 ===== occupations =====
 ik =    2 ( -0.250000 -0.250000  0.250000 )
      1.00000000      1.00000000      1.00000000      1.00000000      1.00000000
      1.00000000      1.00000000      1.00000000      1.00000000      1.00000000
      1.00000000      1.00000000      1.00000000      1.00000000      1.00000000
      1.00000000      1.00000000      1.00000000      1.00000000      1.00000000
      1.00000000      1.00000000      1.00000000      1.00000000      1.00000000
      1.00000000      1.00000000      1.00000000      1.00000000      1.00000000
      1.00000000      1.00000000      1.00000000      1.00000000      1.00000000
      1.00000000      1.00000000      1.00000000      1.00000000      1.00000000
      1.00000000      1.00000000      1.00000000      1.00000000      1.00000000
      1.00000000      1.00000000      1.00000000      1.00000000      1.00000000
      1.00000000      1.00000000      1.00000000      1.00000000      1.00000000
      1.00000000      1.00000000      1.00000000      1.00000000      1.00000000
      1.00000000      1.00000000      1.00000000      1.00000000      1.00000000
      1.00000000      1.00000000      1.00000000      1.00000000      1.00000000
      1.00000000      1.00000000      1.00000000      1.00000000      1.00000000
      1.00000000      1.00000000      1.00000000      1.00000000      1.00000000
      1.00000000      1.00000000      1.00000000      1.00000000      1.00000000
      1.00000000      1.00000000      1.00000000      1.00000000      1.00000000
      1.00000000      1.00000000      1.00000000      1.00000000      1.00000000
      1.00000000      1.00000000      1.00000000      1.00000000      1.00000000
      1.00000000      1.00000000      1.00000000      1.00000000      1.00000000
      1.00000000      1.00000000      1.00000000      1.00000000      1.00000000
      1.00000000      1.00000000      1.00000000      1.00000000      1.00000000
      1.00000000      1.00000000      1.00000000      1.00000000      1.00000000
      1.00000000      1.00000000      1.00000000      1.00000000      1.00000000
      1.00000000      1.00000000      1.00000000      1.00000000      1.00000000
      1.00000000      1.00000000      1.00000000      1.00000000      1.00000000
      1.00000000      1.00000000      1.00000000      1.00000000      1.00000000
      1.00000000      1.00000000      1.00000000      1.00000000      1.00000000
      1.00000000      1.00000000      1.00000000      1.00000000      1.00000000
      1.00000000      1.00000000      1.00000000      1.00000000      1.00000000
      1.00000000      1.00000000      1.00000000      1.00000000      1.00000000
      1.00000000      1.00000000      1.00000000      1.00000000      1.00000000
      1.00000000      1.00000000      1.00000000      1.00000000      1.00000000
      1.00000000      1.00000000      1.00000000      1.00000000      1.00000000
      1.00000000      1.00000000      1.00000000      1.00000000      1.00000000
      1.00000000      1.00000000      1.00000000      1.00000000      1.00000000
      1.00000000      1.00000000      1.00000000      1.00000000      1.00000000
      1.00000000      1.00000000      1.00000000      1.00000000      1.00000000
      1.00000000      1.00000000      1.00000000      1.00000000      1.00000000
      1.00000000      1.00000000      1.00000000      1.00000000      1.00000000
      1.00000000      1.00000000      1.00000000      1.00000000      1.00000000
      1.00000000      1.00000000      1.00000000      1.00000000      1.00000000
      1.00000000      1.00000000      1.00000000      1.00000000      1.00000000
      1.00000000      1.00000000      1.00000000      1.00000000      1.00000000
      1.00000000      1.00000000      1.00000000      1.00000000      1.00000000
      1.00000000      1.00000000      1.00000000      1.00000000      1.00000000
      1.00000000      1.00000000      1.00000000      1.00000000      1.00000000
      1.00000000      1.00000000      1.00000000      1.00000000      1.00000000
      1.00000000      1.00000000      1.00000000      1.00000000      1.00000000
      1.00000000      1.00000000      1.00000000      1.00000000      1.00000000
      1.00000000      1.00000000      1.00000000      1.00000000      1.00000000
      1.00000000      1.00000000      1.00000000      1.00000000      1.00000000
      1.00000000      1.00000000      1.00000000      1.00000000      1.00000000
      1.00000000      1.00000000      1.00000000      1.00000000      1.00000000
      1.00000000      1.00000000      1.00000000      1.00000000      1.00000000
      1.00000000      1.00000000      1.00000000      1.00000000      1.00000000
      1.00000000      1.00000000      1.00000000      1.00000000      1.00000000
      1.00000000      1.00000000      1.00000000      1.00000000      1.00000000
      1.00000000      1.00000000      1.00000000      1.00000000      1.00000000
      1.00000000      1.00000000      1.00000000      1.00000000      1.00000000
      1.00000000      1.00000000      1.00000000      1.00000000      1.00000000
      1.00000000      1.00000000      1.00000000      1.00000000      1.00000000
      1.00000000      1.00000000      1.00000000      1.00000000      1.00000000
      1.00000000      1.00000000      1.00000000      1.00000000      1.00000000
      1.00000000      1.00000000      1.00000000      1.00000000      1.00000000
      1.00000000      1.00000000      1.00000000      1.00000000      1.00000000
      1.00000000      1.00000000      1.00000000      1.00000000      1.00000000
      1.00000000      1.00000000      1.00000000      1.00000000      1.00000000
      1.00000000      1.00000000      1.00000000      1.00000000      1.00000000
      1.00000000      1.00000000      1.00000000      1.00000000      1.00000000
      1.00000000      1.00000000      1.00000000      1.00000000      1.00000000
      1.00000000      1.00000000      1.00000000      1.00000000      1.00000000
      1.00000000      1.00000000      1.00000000      1.00000000      1.00000000
      1.00000000      1.00000000      1.00000000      1.00000000      1.00000000
      1.00000000      1.00000000      1.00000000      1.00000000      1.00000000
      1.00000000      1.00000000      1.00000000      1.00000000      1.00000000
      1.00000000      1.00000000      1.00000000      1.00000000      1.00000000
      1.00000000      1.00000000      1.00000000      1.00000000      1.00000000
      1.00000000      1.00000000      1.00000000      1.00000000      1.00000000
      1.00000000      1.00000000      1.00000000      1.00000000      1.00000000
      1.00000000      1.00000000      1.00000000      1.00000000      1.00000000
      1.00000000      1.00000000      1.00000000      1.00000000      1.00000000
      1.00000000      1.00000000      1.00000000      1.00000000      1.00000000
      1.00000000      1.00000000      1.00000000      1.00000000      1.00000000
      1.00000000      1.00000000      1.00000000      1.00000000      1.00000000
      1.00000000      1.00000000      1.00000000      1.00000000      1.00000000
      1.00000000      1.00000000      1.00000000      1.00000000      1.00000000
      1.00000000      0.00000000      0.00000000      0.00000000      0.00000000
      0.00000000      0.00000000      0.00000000      0.00000000      0.00000000
      0.00000000      0.00000000      0.00000000      0.00000000      0.00000000
      0.00000000      0.00000000      0.00000000      0.00000000      0.00000000
      0.00000000      0.00000000      0.00000000      0.00000000      0.00000000
      0.00000000      0.00000000      0.00000000      0.00000000      0.00000000
      0.00000000      0.00000000      0.00000000      0.00000000      0.00000000
      0.00000000      0.00000000      0.00000000      0.00000000
 ===== occupations =====
 ik =    3 ( -0.250000  0.250000 -0.250000 )
      1.00000000      1.00000000      1.00000000      1.00000000      1.00000000
      1.00000000      1.00000000      1.00000000      1.00000000      1.00000000
      1.00000000      1.00000000      1.00000000      1.00000000      1.00000000
      1.00000000      1.00000000      1.00000000      1.00000000      1.00000000
      1.00000000      1.00000000      1.00000000      1.00000000      1.00000000
      1.00000000      1.00000000      1.00000000      1.00000000      1.00000000
      1.00000000      1.00000000      1.00000000      1.00000000      1.00000000
      1.00000000      1.00000000      1.00000000      1.00000000      1.00000000
      1.00000000      1.00000000      1.00000000      1.00000000      1.00000000
      1.00000000      1.00000000      1.00000000      1.00000000      1.00000000
      1.00000000      1.00000000      1.00000000      1.00000000      1.00000000
      1.00000000      1.00000000      1.00000000      1.00000000      1.00000000
      1.00000000      1.00000000      1.00000000      1.00000000      1.00000000
      1.00000000      1.00000000      1.00000000      1.00000000      1.00000000
      1.00000000      1.00000000      1.00000000      1.00000000      1.00000000
      1.00000000      1.00000000      1.00000000      1.00000000      1.00000000
      1.00000000      1.00000000      1.00000000      1.00000000      1.00000000
      1.00000000      1.00000000      1.00000000      1.00000000      1.00000000
      1.00000000      1.00000000      1.00000000      1.00000000      1.00000000
      1.00000000      1.00000000      1.00000000      1.00000000      1.00000000
      1.00000000      1.00000000      1.00000000      1.00000000      1.00000000
      1.00000000      1.00000000      1.00000000      1.00000000      1.00000000
      1.00000000      1.00000000      1.00000000      1.00000000      1.00000000
      1.00000000      1.00000000      1.00000000      1.00000000      1.00000000
      1.00000000      1.00000000      1.00000000      1.00000000      1.00000000
      1.00000000      1.00000000      1.00000000      1.00000000      1.00000000
      1.00000000      1.00000000      1.00000000      1.00000000      1.00000000
      1.00000000      1.00000000      1.00000000      1.00000000      1.00000000
      1.00000000      1.00000000      1.00000000      1.00000000      1.00000000
      1.00000000      1.00000000      1.00000000      1.00000000      1.00000000
      1.00000000      1.00000000      1.00000000      1.00000000      1.00000000
      1.00000000      1.00000000      1.00000000      1.00000000      1.00000000
      1.00000000      1.00000000      1.00000000      1.00000000      1.00000000
      1.00000000      1.00000000      1.00000000      1.00000000      1.00000000
      1.00000000      1.00000000      1.00000000      1.00000000      1.00000000
      1.00000000      1.00000000      1.00000000      1.00000000      1.00000000
      1.00000000      1.00000000      1.00000000      1.00000000      1.00000000
      1.00000000      1.00000000      1.00000000      1.00000000      1.00000000
      1.00000000      1.00000000      1.00000000      1.00000000      1.00000000
      1.00000000      1.00000000      1.00000000      1.00000000      1.00000000
      1.00000000      1.00000000      1.00000000      1.00000000      1.00000000
      1.00000000      1.00000000      1.00000000      1.00000000      1.00000000
      1.00000000      1.00000000      1.00000000      1.00000000      1.00000000
      1.00000000      1.00000000      1.00000000      1.00000000      1.00000000
      1.00000000      1.00000000      1.00000000      1.00000000      1.00000000
      1.00000000      1.00000000      1.00000000      1.00000000      1.00000000
      1.00000000      1.00000000      1.00000000      1.00000000      1.00000000
      1.00000000      1.00000000      1.00000000      1.00000000      1.00000000
      1.00000000      1.00000000      1.00000000      1.00000000      1.00000000
      1.00000000      1.00000000      1.00000000      1.00000000      1.00000000
      1.00000000      1.00000000      1.00000000      1.00000000      1.00000000
      1.00000000      1.00000000      1.00000000      1.00000000      1.00000000
      1.00000000      1.00000000      1.00000000      1.00000000      1.00000000
      1.00000000      1.00000000      1.00000000      1.00000000      1.00000000
      1.00000000      1.00000000      1.00000000      1.00000000      1.00000000
      1.00000000      1.00000000      1.00000000      1.00000000      1.00000000
      1.00000000      1.00000000      1.00000000      1.00000000      1.00000000
      1.00000000      1.00000000      1.00000000      1.00000000      1.00000000
      1.00000000      1.00000000      1.00000000      1.00000000      1.00000000
      1.00000000      1.00000000      1.00000000      1.00000000      1.00000000
      1.00000000      1.00000000      1.00000000      1.00000000      1.00000000
      1.00000000      1.00000000      1.00000000      1.00000000      1.00000000
      1.00000000      1.00000000      1.00000000      1.00000000      1.00000000
      1.00000000      1.00000000      1.00000000      1.00000000      1.00000000
      1.00000000      1.00000000      1.00000000      1.00000000      1.00000000
      1.00000000      1.00000000      1.00000000      1.00000000      1.00000000
      1.00000000      1.00000000      1.00000000      1.00000000      1.00000000
      1.00000000      1.00000000      1.00000000      1.00000000      1.00000000
      1.00000000      1.00000000      1.00000000      1.00000000      1.00000000
      1.00000000      1.00000000      1.00000000      1.00000000      1.00000000
      1.00000000      1.00000000      1.00000000      1.00000000      1.00000000
      1.00000000      1.00000000      1.00000000      1.00000000      1.00000000
      1.00000000      1.00000000      1.00000000      1.00000000      1.00000000
      1.00000000      1.00000000      1.00000000      1.00000000      1.00000000
      1.00000000      1.00000000      1.00000000      1.00000000      1.00000000
      1.00000000      1.00000000      1.00000000      1.00000000      1.00000000
      1.00000000      1.00000000      1.00000000      1.00000000      1.00000000
      1.00000000      1.00000000      1.00000000      1.00000000      1.00000000
      1.00000000      1.00000000      1.00000000      1.00000000      1.00000000
      1.00000000      1.00000000      1.00000000      1.00000000      1.00000000
      1.00000000      1.00000000      1.00000000      1.00000000      1.00000000
      1.00000000      1.00000000      1.00000000      1.00000000      1.00000000
      1.00000000      1.00000000      1.00000000      1.00000000      1.00000000
      1.00000000      1.00000000      1.00000000      1.00000000      1.00000000
      1.00000000      1.00000000      1.00000000      1.00000000      1.00000000
      1.00000000      1.00000000      1.00000000      1.00000000      1.00000000
      1.00000000      1.00000000      1.00000000      1.00000000      1.00000000
      1.00000000      1.00000000      1.00000000      1.00000000      1.00000000
      1.00000000      0.00000000      0.00000000      0.00000000      0.00000000
      0.00000000      0.00000000      0.00000000      0.00000000      0.00000000
      0.00000000      0.00000000      0.00000000      0.00000000      0.00000000
      0.00000000      0.00000000      0.00000000      0.00000000      0.00000000
      0.00000000      0.00000000      0.00000000      0.00000000      0.00000000
      0.00000000      0.00000000      0.00000000      0.00000000      0.00000000
      0.00000000      0.00000000      0.00000000      0.00000000      0.00000000
      0.00000000      0.00000000      0.00000000      0.00000000
 ===== occupations =====
 ik =    4 ( -0.250000  0.250000  0.250000 )
      1.00000000      1.00000000      1.00000000      1.00000000      1.00000000
      1.00000000      1.00000000      1.00000000      1.00000000      1.00000000
      1.00000000      1.00000000      1.00000000      1.00000000      1.00000000
      1.00000000      1.00000000      1.00000000      1.00000000      1.00000000
      1.00000000      1.00000000      1.00000000      1.00000000      1.00000000
      1.00000000      1.00000000      1.00000000      1.00000000      1.00000000
      1.00000000      1.00000000      1.00000000      1.00000000      1.00000000
      1.00000000      1.00000000      1.00000000      1.00000000      1.00000000
      1.00000000      1.00000000      1.00000000      1.00000000      1.00000000
      1.00000000      1.00000000      1.00000000      1.00000000      1.00000000
      1.00000000      1.00000000      1.00000000      1.00000000      1.00000000
      1.00000000      1.00000000      1.00000000      1.00000000      1.00000000
      1.00000000      1.00000000      1.00000000      1.00000000      1.00000000
      1.00000000      1.00000000      1.00000000      1.00000000      1.00000000
      1.00000000      1.00000000      1.00000000      1.00000000      1.00000000
      1.00000000      1.00000000      1.00000000      1.00000000      1.00000000
      1.00000000      1.00000000      1.00000000      1.00000000      1.00000000
      1.00000000      1.00000000      1.00000000      1.00000000      1.00000000
      1.00000000      1.00000000      1.00000000      1.00000000      1.00000000
      1.00000000      1.00000000      1.00000000      1.00000000      1.00000000
      1.00000000      1.00000000      1.00000000      1.00000000      1.00000000
      1.00000000      1.00000000      1.00000000      1.00000000      1.00000000
      1.00000000      1.00000000      1.00000000      1.00000000      1.00000000
      1.00000000      1.00000000      1.00000000      1.00000000      1.00000000
      1.00000000      1.00000000      1.00000000      1.00000000      1.00000000
      1.00000000      1.00000000      1.00000000      1.00000000      1.00000000
      1.00000000      1.00000000      1.00000000      1.00000000      1.00000000
      1.00000000      1.00000000      1.00000000      1.00000000      1.00000000
      1.00000000      1.00000000      1.00000000      1.00000000      1.00000000
      1.00000000      1.00000000      1.00000000      1.00000000      1.00000000
      1.00000000      1.00000000      1.00000000      1.00000000      1.00000000
      1.00000000      1.00000000      1.00000000      1.00000000      1.00000000
      1.00000000      1.00000000      1.00000000      1.00000000      1.00000000
      1.00000000      1.00000000      1.00000000      1.00000000      1.00000000
      1.00000000      1.00000000      1.00000000      1.00000000      1.00000000
      1.00000000      1.00000000      1.00000000      1.00000000      1.00000000
      1.00000000      1.00000000      1.00000000      1.00000000      1.00000000
      1.00000000      1.00000000      1.00000000      1.00000000      1.00000000
      1.00000000      1.00000000      1.00000000      1.00000000      1.00000000
      1.00000000      1.00000000      1.00000000      1.00000000      1.00000000
      1.00000000      1.00000000      1.00000000      1.00000000      1.00000000
      1.00000000      1.00000000      1.00000000      1.00000000      1.00000000
      1.00000000      1.00000000      1.00000000      1.00000000      1.00000000
      1.00000000      1.00000000      1.00000000      1.00000000      1.00000000
      1.00000000      1.00000000      1.00000000      1.00000000      1.00000000
      1.00000000      1.00000000      1.00000000      1.00000000      1.00000000
      1.00000000      1.00000000      1.00000000      1.00000000      1.00000000
      1.00000000      1.00000000      1.00000000      1.00000000      1.00000000
      1.00000000      1.00000000      1.00000000      1.00000000      1.00000000
      1.00000000      1.00000000      1.00000000      1.00000000      1.00000000
      1.00000000      1.00000000      1.00000000      1.00000000      1.00000000
      1.00000000      1.00000000      1.00000000      1.00000000      1.00000000
      1.00000000      1.00000000      1.00000000      1.00000000      1.00000000
      1.00000000      1.00000000      1.00000000      1.00000000      1.00000000
      1.00000000      1.00000000      1.00000000      1.00000000      1.00000000
      1.00000000      1.00000000      1.00000000      1.00000000      1.00000000
      1.00000000      1.00000000      1.00000000      1.00000000      1.00000000
      1.00000000      1.00000000      1.00000000      1.00000000      1.00000000
      1.00000000      1.00000000      1.00000000      1.00000000      1.00000000
      1.00000000      1.00000000      1.00000000      1.00000000      1.00000000
      1.00000000      1.00000000      1.00000000      1.00000000      1.00000000
      1.00000000      1.00000000      1.00000000      1.00000000      1.00000000
      1.00000000      1.00000000      1.00000000      1.00000000      1.00000000
      1.00000000      1.00000000      1.00000000      1.00000000      1.00000000
      1.00000000      1.00000000      1.00000000      1.00000000      1.00000000
      1.00000000      1.00000000      1.00000000      1.00000000      1.00000000
      1.00000000      1.00000000      1.00000000      1.00000000      1.00000000
      1.00000000      1.00000000      1.00000000      1.00000000      1.00000000
      1.00000000      1.00000000      1.00000000      1.00000000      1.00000000
      1.00000000      1.00000000      1.00000000      1.00000000      1.00000000
      1.00000000      1.00000000      1.00000000      1.00000000      1.00000000
      1.00000000      1.00000000      1.00000000      1.00000000      1.00000000
      1.00000000      1.00000000      1.00000000      1.00000000      1.00000000
      1.00000000      1.00000000      1.00000000      1.00000000      1.00000000
      1.00000000      1.00000000      1.00000000      1.00000000      1.00000000
      1.00000000      1.00000000      1.00000000      1.00000000      1.00000000
      1.00000000      1.00000000      1.00000000      1.00000000      1.00000000
      1.00000000      1.00000000      1.00000000      1.00000000      1.00000000
      1.00000000      1.00000000      1.00000000      1.00000000      1.00000000
      1.00000000      1.00000000      1.00000000      1.00000000      1.00000000
      1.00000000      1.00000000      1.00000000      1.00000000      1.00000000
      1.00000000      1.00000000      1.00000000      1.00000000      1.00000000
      1.00000000      1.00000000      1.00000000      1.00000000      1.00000000
      1.00000000      1.00000000      1.00000000      1.00000000      1.00000000
      1.00000000      1.00000000      1.00000000      1.00000000      1.00000000
      1.00000000      1.00000000      1.00000000      1.00000000      1.00000000
      1.00000000      1.00000000      1.00000000      1.00000000      1.00000000
      1.00000000      1.00000000      1.00000000      1.00000000      1.00000000
      1.00000000      0.00000000      0.00000000      0.00000000      0.00000000
      0.00000000      0.00000000      0.00000000      0.00000000      0.00000000
      0.00000000      0.00000000      0.00000000      0.00000000      0.00000000
      0.00000000      0.00000000      0.00000000      0.00000000      0.00000000
      0.00000000      0.00000000      0.00000000      0.00000000      0.00000000
      0.00000000      0.00000000      0.00000000      0.00000000      0.00000000
      0.00000000      0.00000000      0.00000000      0.00000000      0.00000000
      0.00000000      0.00000000      0.00000000      0.00000000
