 ===== energy eigen values =====
 ik =    1 (  0.250000  0.250000  0.250000 )
     -0.85191297     -0.85191286     -0.85191274     -0.85126221     -0.85126210
     -0.85126200     -0.85072054     -0.85072054     -0.84949902     -0.84823085
     -0.84823078     -0.84823071     -0.84681155     -0.84681155     -0.84521866
     -0.84521854     -0.84521843     -0.84441391     -0.84441387     -0.84441383
     -0.84360459     -0.84360456     -0.84360454     -0.84200795     -0.84200784
     -0.84200773     -0.84069704     -0.84069704     -0.84029702     -0.84029692
     -0.84029683     -0.83947431     -0.83783560     -0.83783560     -0.83710207
     -0.83710195     -0.83710185     -0.83645489     -0.83645478     -0.83645466
     -0.40963734     -0.36391588     -0.36391583     -0.36391576     -0.28353110
     -0.28353106     -0.28353102     -0.20721534     -0.15580543     -0.15580541
     -0.15580538     -0.12224306     -0.12224306     -0.12224305     -0.08130879
     -0.08130879     -0.05449628     -0.01428457     -0.01428454     -0.01428451
      0.04916200      0.04916200      0.05505860      0.05505863      0.05505866
      0.09265364      0.10301851      0.10301856      0.10301865      0.12096340
      0.12096341      0.12096343      0.17353848      0.19065221      0.19065221
      0.22589491      0.22589497      0.22589508      0.24937502      0.26460645
      0.26460651      0.26460660      0.26734746      0.26734747      0.26734748
      0.28975666      0.28975670      0.28975675      0.32913287      0.32913288
      0.32913289      0.36611690      0.36611690      0.41233297      0.41233304
      0.41233316      0.44061501      0.44061505      0.44061507      0.44214522
      0.45338268      0.45338268      0.45686054      0.46987341      0.46987344
      0.46987347      0.48535159      0.48535164      0.48535170      0.49604167
      0.49604168      0.49604170      0.51237947      0.51237957      0.51237971
      0.54201765      0.54201768      0.54201770      0.61798677      0.61798689
      0.61798710      0.61945088      0.61945090      0.61945092      0.64102787
      0.64102788      0.64102791      0.66173377      0.66173377      0.66226336
      0.69103535      0.69103541      0.69103553      0.70589047      0.70589048
      0.70589049      0.71680547      0.71680547      0.72055080      0.72055084
      0.72055086      0.73217232      0.73217236      0.73217241      0.74886970
      0.77395442      0.77752738      0.77752744      0.77752753      0.77814995
      0.77814995      0.79533814      0.79533823      0.79533836      0.83654949
      0.83654953      0.83654956      0.85802834      0.85802845      0.85802858
      0.89047395      0.90032074      0.90069882      0.90069903      0.91054008
      0.91054017      0.91054031      0.91110617      0.91110641      0.92964384
      0.93321338      0.93321514      0.93321776      0.93557564      0.93557601
      0.97196108      0.97196162      0.97196283      0.99280439      0.99950466
      0.99951672      0.99956991      1.00685452      1.00697052      1.00724555
      1.01100668      1.03490425      1.03853815      1.05688281      1.06112095
      1.06482983      1.09623790
 ===== energy eigen values =====
 ik =    2 ( -0.250000 -0.250000  0.250000 )
     -0.85191299     -0.85191284     -0.85191274     -0.85126221     -0.85126211
     -0.85126198     -0.85072054     -0.85072054     -0.84949902     -0.84823085
     -0.84823079     -0.84823070     -0.84681155     -0.84681155     -0.84521865
     -0.84521856     -0.84521841     -0.84441391     -0.84441388     -0.84441382
     -0.84360459     -0.84360457     -0.84360454     -0.84200795     -0.84200786
     -0.84200771     -0.84069704     -0.84069704     -0.84029702     -0.84029694
     -0.84029681     -0.83947431     -0.83783560     -0.83783560     -0.83710207
     -0.83710197     -0.83710183     -0.83645491     -0.83645476     -0.83645467
     -0.40963734     -0.36391589     -0.36391582     -0.36391576     -0.28353110
     -0.28353105     -0.28353102     -0.20721534     -0.15580544     -0.15580541
     -0.15580538     -0.12224306     -0.12224306     -0.12224305     -0.08130879
     -0.08130879     -0.05449628     -0.01428457     -0.01428454     -0.01428450
      0.04916200      0.04916200      0.05505860      0.05505863      0.05505866
      0.09265364      0.10301849      0.10301858      0.10301865      0.12096340
      0.12096341      0.12096342      0.17353849      0.19065221      0.19065221
      0.22589489      0.22589499      0.22589508      0.24937501      0.26460643
      0.26460652      0.26460659      0.26734746      0.26734747      0.26734748
      0.28975666      0.28975671      0.28975676      0.32913287      0.32913288
      0.32913289      0.36611690      0.36611690      0.41233295      0.41233306
      0.41233315      0.44061501      0.44061504      0.44061507      0.44214523
      0.45338268      0.45338268      0.45686054      0.46987341      0.46987344
      0.46987347      0.48535158      0.48535165      0.48535170      0.49604167
      0.49604168      0.49604170      0.51237944      0.51237959      0.51237972
      0.54201765      0.54201768      0.54201770      0.61798673      0.61798693
      0.61798709      0.61945088      0.61945090      0.61945092      0.64102786
      0.64102789      0.64102791      0.66173377      0.66173377      0.66226336
      0.69103532      0.69103543      0.69103552      0.70589047      0.70589048
      0.70589049      0.71680547      0.71680547      0.72055080      0.72055083
      0.72055087      0.73217232      0.73217237      0.73217241      0.74886970
      0.77395443      0.77752736      0.77752745      0.77752753      0.77814995
      0.77814995      0.79533812      0.79533825      0.79533836      0.83654950
      0.83654953      0.83654956      0.85802833      0.85802847      0.85802859
      0.89047360      0.90032076      0.90069883      0.90069905      0.91054012
      0.91054021      0.91054043      0.91110621      0.91110645      0.92964213
      0.93321351      0.93321501      0.93322566      0.93557565      0.93557593
      0.97196126      0.97196212      0.97196535      0.99279236      0.99951073
      0.99952243      0.99955541      1.00684283      1.00696333      1.00724430
      1.01110469      1.03473893      1.03642317      1.05645215      1.06155294
      1.06660350      1.09257965
 ===== energy eigen values =====
 ik =    3 ( -0.250000  0.250000 -0.250000 )
     -0.85191292     -0.85191286     -0.85191278     -0.85126218     -0.85126210
     -0.85126203     -0.85072054     -0.85072054     -0.84949901     -0.84823083
     -0.84823078     -0.84823074     -0.84681155     -0.84681155     -0.84521862
     -0.84521853     -0.84521847     -0.84441389     -0.84441386     -0.84441384
     -0.84360458     -0.84360456     -0.84360455     -0.84200792     -0.84200783
     -0.84200777     -0.84069704     -0.84069704     -0.84029699     -0.84029692
     -0.84029686     -0.83947431     -0.83783560     -0.83783560     -0.83710203
     -0.83710195     -0.83710189     -0.83645485     -0.83645479     -0.83645470
     -0.40963734     -0.36391586     -0.36391583     -0.36391578     -0.28353108
     -0.28353105     -0.28353103     -0.20721534     -0.15580543     -0.15580541
     -0.15580539     -0.12224306     -0.12224306     -0.12224305     -0.08130879
     -0.08130879     -0.05449628     -0.01428456     -0.01428455     -0.01428451
      0.04916200      0.04916200      0.05505861      0.05505863      0.05505864
      0.09265364      0.10301853      0.10301855      0.10301864      0.12096340
      0.12096341      0.12096342      0.17353848      0.19065221      0.19065221
      0.22589493      0.22589495      0.22589507      0.24937502      0.26460647
      0.26460650      0.26460659      0.26734746      0.26734747      0.26734748
      0.28975667      0.28975669      0.28975677      0.32913288      0.32913288
      0.32913289      0.36611690      0.36611690      0.41233300      0.41233303
      0.41233314      0.44061502      0.44061505      0.44061506      0.44214522
      0.45338268      0.45338268      0.45686054      0.46987342      0.46987344
      0.46987346      0.48535161      0.48535163      0.48535170      0.49604167
      0.49604168      0.49604169      0.51237950      0.51237954      0.51237971
      0.54201766      0.54201767      0.54201770      0.61798681      0.61798686
      0.61798708      0.61945089      0.61945090      0.61945091      0.64102787
      0.64102788      0.64102791      0.66173377      0.66173377      0.66226336
      0.69103537      0.69103540      0.69103552      0.70589047      0.70589048
      0.70589049      0.71680547      0.71680547      0.72055081      0.72055084
      0.72055085      0.73217234      0.73217235      0.73217240      0.74886970
      0.77395443      0.77752740      0.77752742      0.77752752      0.77814995
      0.77814995      0.79533817      0.79533821      0.79533835      0.83654950
      0.83654954      0.83654955      0.85802837      0.85802842      0.85802859
      0.89047366      0.90032069      0.90069893      0.90069901      0.91054008
      0.91054022      0.91054041      0.91110631      0.91110648      0.92964189
      0.93321351      0.93321425      0.93321897      0.93557567      0.93557612
      0.97196092      0.97196154      0.97196372      0.99277456      0.99950152
      0.99950716      0.99955198      1.00688284      1.00703488      1.00707644
      1.01094003      1.03529313      1.03665271      1.05777679      1.06079212
      1.06763286      1.09233937
 ===== energy eigen values =====
 ik =    4 ( -0.250000  0.250000  0.250000 )
     -0.85191292     -0.85191284     -0.85191280     -0.85126216     -0.85126212
     -0.85126204     -0.85072054     -0.85072054     -0.84949901     -0.84823082
     -0.84823079     -0.84823074     -0.84681155     -0.84681155     -0.84521860
     -0.84521856     -0.84521847     -0.84441389     -0.84441387     -0.84441384
     -0.84360458     -0.84360457     -0.84360455     -0.84200789     -0.84200786
     -0.84200777     -0.84069704     -0.84069704     -0.84029697     -0.84029694
     -0.84029686     -0.83947431     -0.83783560     -0.83783560     -0.83710201
     -0.83710197     -0.83710189     -0.83645485     -0.83645477     -0.83645472
     -0.40963734     -0.36391586     -0.36391582     -0.36391579     -0.28353108
     -0.28353105     -0.28353104     -0.20721534     -0.15580543     -0.15580541
     -0.15580540     -0.12224306     -0.12224306     -0.12224305     -0.08130880
     -0.08130879     -0.05449628     -0.01428456     -0.01428453     -0.01428452
      0.04916200      0.04916200      0.05505861      0.05505863      0.05505864
      0.09265364      0.10301854      0.10301858      0.10301861      0.12096340
      0.12096341      0.12096342      0.17353848      0.19065221      0.19065221
      0.22589494      0.22589499      0.22589503      0.24937502      0.26460648
      0.26460652      0.26460655      0.26734747      0.26734747      0.26734748
      0.28975667      0.28975671      0.28975673      0.32913288      0.32913288
      0.32913289      0.36611690      0.36611690      0.41233301      0.41233306
      0.41233310      0.44061503      0.44061504      0.44061506      0.44214522
      0.45338268      0.45338268      0.45686054      0.46987342      0.46987344
      0.46987346      0.48535161      0.48535165      0.48535167      0.49604168
      0.49604168      0.49604169      0.51237952      0.51237959      0.51237964
      0.54201766      0.54201768      0.54201769      0.61798683      0.61798693
      0.61798700      0.61945089      0.61945090      0.61945091      0.64102788
      0.64102789      0.64102790      0.66173377      0.66173377      0.66226336
      0.69103538      0.69103543      0.69103547      0.70589048      0.70589048
      0.70589048      0.71680547      0.71680547      0.72055082      0.72055083
      0.72055085      0.73217234      0.73217236      0.73217239      0.74886970
      0.77395443      0.77752741      0.77752745      0.77752749      0.77814995
      0.77814995      0.79533818      0.79533825      0.79533830      0.83654951
      0.83654952      0.83654954      0.85802839      0.85802847      0.85802852
      0.89047364      0.90032057      0.90069890      0.90069897      0.91054009
      0.91054020      0.91054036      0.91110618      0.91110679      0.92964413
      0.93321322      0.93321452      0.93322025      0.93557560      0.93557610
      0.97196116      0.97196240      0.97197722      0.99279910      0.99949607
      0.99951856      0.99952986      1.00685326      1.00693126      1.00719224
      1.01098184      1.03527856      1.03803455      1.05970949      1.06159798
      1.06515840      1.07593864
 ===== occupations =====
 ik =    1 (  0.250000  0.250000  0.250000 )
      1.00000000      1.00000000      1.00000000      1.00000000      1.00000000
      1.00000000      1.00000000      1.00000000      1.00000000      1.00000000
      1.00000000      1.00000000      1.00000000      1.00000000      1.00000000
      1.00000000      1.00000000      1.00000000      1.00000000      1.00000000
      1.00000000      1.00000000      1.00000000      1.00000000      1.00000000
      1.00000000      1.00000000      1.00000000      1.00000000      1.00000000
      1.00000000      1.00000000      1.00000000      1.00000000      1.00000000
      1.00000000      1.00000000      1.00000000      1.00000000      1.00000000
      1.00000000      1.00000000      1.00000000      1.00000000      1.00000000
      1.00000000      1.00000000      1.00000000      1.00000000      1.00000000
      1.00000000      1.00000000      1.00000000      1.00000000      1.00000000
      1.00000000      0.00000000      0.00000000      0.00000000      0.00000000
      0.00000000      0.00000000      0.00000000      0.00000000      0.00000000
      0.00000000      0.00000000      0.00000000      0.00000000      0.00000000
      0.00000000      0.00000000      0.00000000      0.00000000      0.00000000
      0.00000000      0.00000000      0.00000000      0.00000000      0.00000000
      0.00000000      0.00000000      0.00000000      0.00000000      0.00000000
      0.00000000      0.00000000      0.00000000      0.00000000      0.00000000
      0.00000000      0.00000000      0.00000000      0.00000000      0.00000000
      0.00000000      0.00000000      0.00000000      0.00000000      0.00000000
      0.00000000      0.00000000      0.00000000      0.00000000      0.00000000
      0.00000000      0.00000000      0.00000000      0.00000000      0.00000000
      0.00000000      0.00000000      0.00000000      0.00000000      0.00000000
      0.00000000      0.00000000      0.00000000      0.00000000      0.00000000
      0.00000000      0.00000000      0.00000000      0.00000000      0.00000000
      0.00000000      0.00000000      0.00000000      0.00000000      0.00000000
      0.00000000      0.00000000      0.00000000      0.00000000      0.00000000
      0.00000000      0.00000000      0.00000000      0.00000000      0.00000000
      0.00000000      0.00000000      0.00000000      0.00000000      0.00000000
      0.00000000      0.00000000      0.00000000      0.00000000      0.00000000
      0.00000000      0.00000000      0.00000000      0.00000000      0.00000000
      0.00000000      0.00000000      0.00000000      0.00000000      0.00000000
      0.00000000      0.00000000      0.00000000      0.00000000      0.00000000
      0.00000000      0.00000000      0.00000000      0.00000000      0.00000000
      0.00000000      0.00000000      0.00000000      0.00000000      0.00000000
      0.00000000      0.00000000      0.00000000      0.00000000      0.00000000
      0.00000000      0.00000000      0.00000000      0.00000000      0.00000000
      0.00000000      0.00000000      0.00000000      0.00000000      0.00000000
      0.00000000      0.00000000
 ===== occupations =====
 ik =    2 ( -0.250000 -0.250000  0.250000 )
      1.00000000      1.00000000      1.00000000      1.00000000      1.00000000
      1.00000000      1.00000000      1.00000000      1.00000000      1.00000000
      1.00000000      1.00000000      1.00000000      1.00000000      1.00000000
      1.00000000      1.00000000      1.00000000      1.00000000      1.00000000
      1.00000000      1.00000000      1.00000000      1.00000000      1.00000000
      1.00000000      1.00000000      1.00000000      1.00000000      1.00000000
      1.00000000      1.00000000      1.00000000      1.00000000      1.00000000
      1.00000000      1.00000000      1.00000000      1.00000000      1.00000000
      1.00000000      1.00000000      1.00000000      1.00000000      1.00000000
      1.00000000      1.00000000      1.00000000      1.00000000      1.00000000
      1.00000000      1.00000000      1.00000000      1.00000000      1.00000000
      1.00000000      0.00000000      0.00000000      0.00000000      0.00000000
      0.00000000      0.00000000      0.00000000      0.00000000      0.00000000
      0.00000000      0.00000000      0.00000000      0.00000000      0.00000000
      0.00000000      0.00000000      0.00000000      0.00000000      0.00000000
      0.00000000      0.00000000      0.00000000      0.00000000      0.00000000
      0.00000000      0.00000000      0.00000000      0.00000000      0.00000000
      0.00000000      0.00000000      0.00000000      0.00000000      0.00000000
      0.00000000      0.00000000      0.00000000      0.00000000      0.00000000
      0.00000000      0.00000000      0.00000000      0.00000000      0.00000000
      0.00000000      0.00000000      0.00000000      0.00000000      0.00000000
      0.00000000      0.00000000      0.00000000      0.00000000      0.00000000
      0.00000000      0.00000000      0.00000000      0.00000000      0.00000000
      0.00000000      0.00000000      0.00000000      0.00000000      0.00000000
      0.00000000      0.00000000      0.00000000      0.00000000      0.00000000
      0.00000000      0.00000000      0.00000000      0.00000000      0.00000000
      0.00000000      0.00000000      0.00000000      0.00000000      0.00000000
      0.00000000      0.00000000      0.00000000      0.00000000      0.00000000
      0.00000000      0.00000000      0.00000000      0.00000000      0.00000000
      0.00000000      0.00000000      0.00000000      0.00000000      0.00000000
      0.00000000      0.00000000      0.00000000      0.00000000      0.00000000
      0.00000000      0.00000000      0.00000000      0.00000000      0.00000000
      0.00000000      0.00000000      0.00000000      0.00000000      0.00000000
      0.00000000      0.00000000      0.00000000      0.00000000      0.00000000
      0.00000000      0.00000000      0.00000000      0.00000000      0.00000000
      0.00000000      0.00000000      0.00000000      0.00000000      0.00000000
      0.00000000      0.00000000      0.00000000      0.00000000      0.00000000
      0.00000000      0.00000000      0.00000000      0.00000000      0.00000000
      0.00000000      0.00000000
 ===== occupations =====
 ik =    3 ( -0.250000  0.250000 -0.250000 )
      1.00000000      1.00000000      1.00000000      1.00000000      1.00000000
      1.00000000      1.00000000      1.00000000      1.00000000      1.00000000
      1.00000000      1.00000000      1.00000000      1.00000000      1.00000000
      1.00000000      1.00000000      1.00000000      1.00000000      1.00000000
      1.00000000      1.00000000      1.00000000      1.00000000      1.00000000
      1.00000000      1.00000000      1.00000000      1.00000000      1.00000000
      1.00000000      1.00000000      1.00000000      1.00000000      1.00000000
      1.00000000      1.00000000      1.00000000      1.00000000      1.00000000
      1.00000000      1.00000000      1.00000000      1.00000000      1.00000000
      1.00000000      1.00000000      1.00000000      1.00000000      1.00000000
      1.00000000      1.00000000      1.00000000      1.00000000      1.00000000
      1.00000000      0.00000000      0.00000000      0.00000000      0.00000000
      0.00000000      0.00000000      0.00000000      0.00000000      0.00000000
      0.00000000      0.00000000      0.00000000      0.00000000      0.00000000
      0.00000000      0.00000000      0.00000000      0.00000000      0.00000000
      0.00000000      0.00000000      0.00000000      0.00000000      0.00000000
      0.00000000      0.00000000      0.00000000      0.00000000      0.00000000
      0.00000000      0.00000000      0.00000000      0.00000000      0.00000000
      0.00000000      0.00000000      0.00000000      0.00000000      0.00000000
      0.00000000      0.00000000      0.00000000      0.00000000      0.00000000
      0.00000000      0.00000000      0.00000000      0.00000000      0.00000000
      0.00000000      0.00000000      0.00000000      0.00000000      0.00000000
      0.00000000      0.00000000      0.00000000      0.00000000      0.00000000
      0.00000000      0.00000000      0.00000000      0.00000000      0.00000000
      0.00000000      0.00000000      0.00000000      0.00000000      0.00000000
      0.00000000      0.00000000      0.00000000      0.00000000      0.00000000
      0.00000000      0.00000000      0.00000000      0.00000000      0.00000000
      0.00000000      0.00000000      0.00000000      0.00000000      0.00000000
      0.00000000      0.00000000      0.00000000      0.00000000      0.00000000
      0.00000000      0.00000000      0.00000000      0.00000000      0.00000000
      0.00000000      0.00000000      0.00000000      0.00000000      0.00000000
      0.00000000      0.00000000      0.00000000      0.00000000      0.00000000
      0.00000000      0.00000000      0.00000000      0.00000000      0.00000000
      0.00000000      0.00000000      0.00000000      0.00000000      0.00000000
      0.00000000      0.00000000      0.00000000      0.00000000      0.00000000
      0.00000000      0.00000000      0.00000000      0.00000000      0.00000000
      0.00000000      0.00000000      0.00000000      0.00000000      0.00000000
      0.00000000      0.00000000      0.00000000      0.00000000      0.00000000
      0.00000000      0.00000000
 ===== occupations =====
 ik =    4 ( -0.250000  0.250000  0.250000 )
      1.00000000      1.00000000      1.00000000      1.00000000      1.00000000
      1.00000000      1.00000000      1.00000000      1.00000000      1.00000000
      1.00000000      1.00000000      1.00000000      1.00000000      1.00000000
      1.00000000      1.00000000      1.00000000      1.00000000      1.00000000
      1.00000000      1.00000000      1.00000000      1.00000000      1.00000000
      1.00000000      1.00000000      1.00000000      1.00000000      1.00000000
      1.00000000      1.00000000      1.00000000      1.00000000      1.00000000
      1.00000000      1.00000000      1.00000000      1.00000000      1.00000000
      1.00000000      1.00000000      1.00000000      1.00000000      1.00000000
      1.00000000      1.00000000      1.00000000      1.00000000      1.00000000
      1.00000000      1.00000000      1.00000000      1.00000000      1.00000000
      1.00000000      0.00000000      0.00000000      0.00000000      0.00000000
      0.00000000      0.00000000      0.00000000      0.00000000      0.00000000
      0.00000000      0.00000000      0.00000000      0.00000000      0.00000000
      0.00000000      0.00000000      0.00000000      0.00000000      0.00000000
      0.00000000      0.00000000      0.00000000      0.00000000      0.00000000
      0.00000000      0.00000000      0.00000000      0.00000000      0.00000000
      0.00000000      0.00000000      0.00000000      0.00000000      0.00000000
      0.00000000      0.00000000      0.00000000      0.00000000      0.00000000
      0.00000000      0.00000000      0.00000000      0.00000000      0.00000000
      0.00000000      0.00000000      0.00000000      0.00000000      0.00000000
      0.00000000      0.00000000      0.00000000      0.00000000      0.00000000
      0.00000000      0.00000000      0.00000000      0.00000000      0.00000000
      0.00000000      0.00000000      0.00000000      0.00000000      0.00000000
      0.00000000      0.00000000      0.00000000      0.00000000      0.00000000
      0.00000000      0.00000000      0.00000000      0.00000000      0.00000000
      0.00000000      0.00000000      0.00000000      0.00000000      0.00000000
      0.00000000      0.00000000      0.00000000      0.00000000      0.00000000
      0.00000000      0.00000000      0.00000000      0.00000000      0.00000000
      0.00000000      0.00000000      0.00000000      0.00000000      0.00000000
      0.00000000      0.00000000      0.00000000      0.00000000      0.00000000
      0.00000000      0.00000000      0.00000000      0.00000000      0.00000000
      0.00000000      0.00000000      0.00000000      0.00000000      0.00000000
      0.00000000      0.00000000      0.00000000      0.00000000      0.00000000
      0.00000000      0.00000000      0.00000000      0.00000000      0.00000000
      0.00000000      0.00000000      0.00000000      0.00000000      0.00000000
      0.00000000      0.00000000      0.00000000      0.00000000      0.00000000
      0.00000000      0.00000000      0.00000000      0.00000000      0.00000000
      0.00000000      0.00000000
