 iteration, iteration_ionic, iteration_electronic
        16         1        16
 Ionic System
  (natm)
         8
  (pos)
  0.1250000000000000D+00  0.1250000000000000D+00  0.1250000000000000D+00
 -0.1250000000000000D+00 -0.1250000000000000D+00 -0.1250000000000000D+00
  0.1250000000000000D+00  0.6250000000000000D+00  0.6250000000000000D+00
 -0.1250000000000000D+00 -0.6250000000000000D+00 -0.6250000000000000D+00
  0.6250000000000000D+00  0.1250000000000000D+00  0.6250000000000000D+00
 -0.6250000000000000D+00 -0.1250000000000000D+00 -0.6250000000000000D+00
  0.6250000000000000D+00  0.6250000000000000D+00  0.1250000000000000D+00
 -0.6250000000000000D+00 -0.6250000000000000D+00 -0.1250000000000000D+00
  (cps)
  0.1579917078325000D+01  0.1579917078325000D+01  0.1579917078325000D+01
 -0.1579917078325000D+01 -0.1579917078325000D+01 -0.1579917078325000D+01
  0.1579917078325000D+01  0.7899585391625000D+01  0.7899585391625000D+01
 -0.1579917078325000D+01 -0.7899585391625000D+01 -0.7899585391625000D+01
  0.7899585391625000D+01  0.1579917078325000D+01  0.7899585391625000D+01
 -0.7899585391625000D+01 -0.1579917078325000D+01 -0.7899585391625000D+01
  0.7899585391625000D+01  0.7899585391625000D+01  0.1579917078325000D+01
 -0.7899585391625000D+01 -0.7899585391625000D+01 -0.1579917078325000D+01
  (cpd)
  0.0000000000000000D+00  0.0000000000000000D+00  0.0000000000000000D+00
  0.0000000000000000D+00  0.0000000000000000D+00  0.0000000000000000D+00
  0.0000000000000000D+00  0.0000000000000000D+00  0.0000000000000000D+00
  0.0000000000000000D+00  0.0000000000000000D+00  0.0000000000000000D+00
  0.0000000000000000D+00  0.0000000000000000D+00  0.0000000000000000D+00
  0.0000000000000000D+00  0.0000000000000000D+00  0.0000000000000000D+00
  0.0000000000000000D+00  0.0000000000000000D+00  0.0000000000000000D+00
  0.0000000000000000D+00  0.0000000000000000D+00  0.0000000000000000D+00
  (cpo(  1))
  0.0000000000000000D+00  0.0000000000000000D+00  0.0000000000000000D+00
  0.0000000000000000D+00  0.0000000000000000D+00  0.0000000000000000D+00
  0.0000000000000000D+00  0.0000000000000000D+00  0.0000000000000000D+00
  0.0000000000000000D+00  0.0000000000000000D+00  0.0000000000000000D+00
  0.0000000000000000D+00  0.0000000000000000D+00  0.0000000000000000D+00
  0.0000000000000000D+00  0.0000000000000000D+00  0.0000000000000000D+00
  0.0000000000000000D+00  0.0000000000000000D+00  0.0000000000000000D+00
  0.0000000000000000D+00  0.0000000000000000D+00  0.0000000000000000D+00
  (cpo(  2))
  0.0000000000000000D+00  0.0000000000000000D+00  0.0000000000000000D+00
  0.0000000000000000D+00  0.0000000000000000D+00  0.0000000000000000D+00
  0.0000000000000000D+00  0.0000000000000000D+00  0.0000000000000000D+00
  0.0000000000000000D+00  0.0000000000000000D+00  0.0000000000000000D+00
  0.0000000000000000D+00  0.0000000000000000D+00  0.0000000000000000D+00
  0.0000000000000000D+00  0.0000000000000000D+00  0.0000000000000000D+00
  0.0000000000000000D+00  0.0000000000000000D+00  0.0000000000000000D+00
  0.0000000000000000D+00  0.0000000000000000D+00  0.0000000000000000D+00
  (cpo(  3))
  0.0000000000000000D+00  0.0000000000000000D+00  0.0000000000000000D+00
  0.0000000000000000D+00  0.0000000000000000D+00  0.0000000000000000D+00
  0.0000000000000000D+00  0.0000000000000000D+00  0.0000000000000000D+00
  0.0000000000000000D+00  0.0000000000000000D+00  0.0000000000000000D+00
  0.0000000000000000D+00  0.0000000000000000D+00  0.0000000000000000D+00
  0.0000000000000000D+00  0.0000000000000000D+00  0.0000000000000000D+00
  0.0000000000000000D+00  0.0000000000000000D+00  0.0000000000000000D+00
  0.0000000000000000D+00  0.0000000000000000D+00  0.0000000000000000D+00
 forcmx_constraint_quench
  0.1000000000000000D+03
 Ionic System Attributes
       1       1       1       1       1       0       0       1       1       1       1
       1       1       1       1       1       0       0       1       1       1       1
       1       1       1       1       1       0       0       1       1       1       1
       1       1       1       1       1       0       0       1       1       1       1
       1       1       1       1       1       0       0       1       1       1       1
       1       1       1       1       1       0       0       1       1       1       1
       1       1       1       1       1       0       0       1       1       1       1
       1       1       1       1       1       0       0       1       1       1       1
 Total Energy
 -0.5439580815627701D+03 -0.5439580815627701D+03
 isolver
         5
convergence
         2
edelta_ontheway
  0.1000000000000000D-08
dtim_previous
 -0.1000000000000000D+01
corecharge_cntnbin
       0
neg
       192
 curr_atom_reservoir
       1
